wood_length,wood_width,cut_length,cut_width,cut_position_x,cut_position_y,reward,next_wood_length,next_wood_width,done
276,56,43,21,139,8,14553,233,35,False
139,77,54,26,72,30,9299,85,51,False
189,60,68,34,87,16,9028,121,26,True
138,106,61,38,55,36,12310,77,68,False
232,111,70,15,2,88,24702,162,96,True
176,79,43,13,73,51,13345,133,66,False
117,98,38,20,38,31,10706,79,78,False
219,65,55,42,74,10,11925,164,23,False
189,105,98,17,21,53,18179,91,88,True
117,109,40,39,14,68,11193,77,70,False
188,77,26,33,63,1,13618,162,44,True
176,112,82,10,16,62,18892,94,102,False
103,86,40,23,8,20,7938,63,63,False
285,107,65,15,165,7,29520,220,92,True
277,96,26,11,182,79,26306,251,85,True
256,138,26,40,82,54,34288,230,98,False
175,58,26,28,105,8,9422,149,30,True
296,106,75,24,138,60,29576,221,82,False
106,60,34,46,51,6,4796,72,14,False
112,86,34,15,14,39,9122,78,71,False
216,80,50,22,123,4,16180,166,58,True
293,57,70,37,85,6,14111,223,20,True
199,149,43,44,68,0,27759,156,105,False
276,116,30,41,192,19,30786,246,75,True
197,91,45,41,73,14,16082,152,50,False
181,51,70,42,106,3,6291,111,9,False
183,130,27,13,69,108,23439,156,117,False
221,75,37,18,57,50,15909,184,57,True
101,131,54,50,42,19,10531,47,81,False
133,125,77,47,26,12,13006,56,78,False
115,104,26,30,33,67,11180,89,74,True
115,124,48,49,31,20,11908,67,75,True
176,90,22,36,75,6,15048,154,54,True
118,60,70,29,28,21,5050,48,31,True
197,136,37,16,32,45,26200,160,120,True
207,62,79,25,89,7,10859,128,37,False
263,75,53,19,199,35,18718,210,56,False
235,95,71,20,148,66,20905,164,75,False
243,93,90,31,122,27,19809,153,62,False
267,123,80,11,121,23,31961,187,112,True
212,138,23,38,29,52,28382,189,100,False
111,127,65,36,43,56,11757,46,91,True
106,136,92,42,6,39,10552,14,94,True
140,116,64,22,68,12,14832,76,94,True
177,130,31,28,121,24,22142,146,102,True
284,100,52,41,121,23,26268,232,59,True
249,61,41,46,4,8,13303,208,15,False
246,137,61,19,106,88,32543,185,118,True
150,112,82,12,11,49,15816,68,100,True
136,72,96,31,11,26,6816,40,41,False
103,52,68,47,16,5,2160,35,5,False
167,136,88,19,58,82,21040,79,117,True
224,59,45,40,119,1,11416,179,19,True
116,79,63,16,2,13,8156,53,63,False
291,93,53,48,58,23,24519,238,45,False
236,120,61,40,6,78,25880,175,80,False
266,77,58,22,23,48,19206,208,55,True
294,67,64,42,125,18,17010,230,25,True
215,118,100,14,78,75,23970,115,104,False
167,137,75,39,92,51,19954,92,98,False
120,55,49,42,13,8,4542,71,13,True
111,126,73,23,24,12,12307,38,103,True
288,92,69,47,178,8,23253,219,45,True
238,136,98,19,81,20,30506,140,117,False
237,130,71,26,153,18,28964,166,104,True
195,96,54,27,60,1,17262,141,69,False
120,105,100,15,11,81,11100,20,90,False
211,107,38,39,114,20,21095,173,68,True
266,131,51,12,105,95,34234,215,119,False
283,108,79,40,119,46,27404,204,68,False
213,113,72,10,1,98,23349,141,103,False
175,101,70,18,76,11,16415,105,83,False
182,78,31,12,80,4,13824,151,66,True
264,136,34,33,133,35,34782,230,103,False
144,66,28,14,71,26,9112,116,52,True
243,77,35,26,129,26,17801,208,51,False
100,139,75,33,1,70,11425,25,106,True
125,149,94,41,30,68,14771,31,108,False
108,142,48,47,47,74,13080,60,95,False
237,87,92,15,65,69,19239,145,72,False
189,110,74,49,30,25,17164,115,61,True
159,61,83,14,40,40,8537,76,47,True
296,70,32,33,63,9,19664,264,37,True
290,127,52,16,39,94,35998,238,111,True
202,62,63,15,111,16,11579,139,47,False
143,63,49,43,48,1,6902,94,20,False
162,65,90,50,5,7,6030,72,15,True
243,74,28,23,210,49,17338,215,51,False
150,113,91,29,9,59,14311,59,84,False
133,62,32,41,44,18,6934,101,21,True
126,77,82,30,19,11,7242,44,47,False
164,98,43,15,79,49,15427,121,83,True
268,115,45,37,87,4,29155,223,78,False
149,143,53,26,96,88,19929,96,117,True
242,83,40,22,90,8,19206,202,61,True
280,116,69,39,31,49,29789,211,77,False
284,83,41,48,195,19,21604,243,35,True
166,148,54,29,13,99,23002,112,119,True
210,119,41,50,117,55,22940,169,69,False
147,79,89,11,3,46,10634,58,68,False
107,62,77,30,10,26,4324,30,32,False
251,56,36,31,202,12,12940,215,25,False
286,131,38,25,214,91,36516,248,106,False
125,148,38,45,39,54,16790,87,103,False
125,137,30,23,2,41,16435,95,114,False
236,96,90,49,16,9,18246,146,47,False
240,66,43,16,28,26,15152,197,50,False
192,88,20,30,101,57,16296,172,58,True
172,112,82,33,75,53,16558,90,79,True
233,78,63,36,118,11,15906,170,42,True
161,123,58,33,11,43,17889,103,90,True
133,146,78,39,48,88,16376,55,107,True
239,81,72,50,50,11,15759,167,31,False
200,50,100,40,28,1,6000,100,10,True
260,131,91,36,84,49,30784,169,95,False
214,141,21,15,167,85,29859,193,126,False
245,101,97,39,29,23,20962,148,62,True
228,93,86,42,48,13,17592,142,51,False
291,51,40,17,47,8,14161,251,34,True
298,77,32,24,258,18,22178,266,53,False
118,133,78,11,24,19,14836,40,122,False
108,89,62,21,37,36,8310,46,68,True
288,94,78,28,108,40,24888,210,66,True
137,119,72,44,17,5,13135,65,75,True
152,60,51,10,22,28,8610,101,50,True
105,99,20,16,63,65,10075,85,83,True
118,135,73,34,8,3,13448,45,101,False
212,117,68,35,87,10,22424,144,82,True
263,126,89,18,74,96,31536,174,108,True
236,132,54,13,20,50,30450,182,119,False
250,146,42,43,20,68,34694,208,103,True
185,71,53,23,64,43,11916,132,48,True
165,130,57,38,99,24,19284,108,92,False
198,104,90,27,44,39,18162,108,77,False
287,149,93,28,39,106,40159,194,121,True
102,88,51,49,36,2,6477,51,39,False
299,60,65,16,182,27,16900,234,44,True
124,102,58,32,62,63,10792,66,70,True
102,140,57,45,36,53,11715,45,95,False
107,135,23,15,17,24,14100,84,120,False
190,128,37,10,7,34,23950,153,118,True
256,121,52,48,78,2,28480,204,73,True
238,127,55,26,119,12,28796,183,101,True
127,144,20,49,83,47,17308,107,95,False
246,84,90,49,70,6,16254,156,35,False
245,121,71,35,73,38,27160,174,86,False
214,72,57,26,94,25,13926,157,46,False
143,142,93,27,23,75,17795,50,115,True
102,123,46,28,19,34,11258,56,95,False
151,122,50,29,86,84,16972,101,93,True
265,124,54,28,75,81,31348,211,96,False
229,73,43,37,172,11,15126,186,36,False
195,132,21,37,98,85,24963,174,95,True
142,114,54,15,41,93,15378,88,99,True
147,123,79,33,35,77,15474,68,90,False
113,55,95,24,0,17,3935,18,31,True
209,93,38,18,105,72,18753,171,75,False
299,145,30,20,220,38,42755,269,125,False
207,63,91,37,24,10,9674,116,26,False
294,107,30,14,67,12,31038,264,93,False
258,52,71,27,80,5,11499,187,25,False
202,82,37,16,13,65,15972,165,66,False
261,52,29,37,10,15,12499,232,15,True
208,137,55,41,47,33,26241,153,96,True
147,77,97,15,14,2,9864,50,62,True
163,79,94,27,53,39,10339,69,52,True
290,83,74,28,210,19,21998,216,55,True
131,120,86,30,1,47,13140,45,90,False
182,70,72,10,85,35,12020,110,60,True
270,97,73,12,117,40,25314,197,85,True
257,111,40,49,89,15,26567,217,62,True
157,131,69,43,1,25,17600,88,88,True
105,73,81,41,9,18,4344,24,32,True
180,56,56,33,104,6,8232,124,23,False
146,144,71,37,58,77,18397,75,107,True
168,79,38,25,17,3,12322,130,54,True
199,105,99,16,35,48,19311,100,89,True
209,125,63,34,118,31,23983,146,91,True
122,81,49,35,29,9,8167,73,46,False
241,95,87,49,144,0,18632,154,46,False
292,148,70,17,16,45,42026,222,131,True
187,107,74,25,47,16,18159,113,82,True
103,72,48,49,10,16,5064,55,23,True
144,145,21,12,31,35,20628,123,133,False
176,53,60,46,2,5,6568,116,7,False
124,132,33,12,4,83,15972,91,120,True
239,115,98,20,114,64,25525,141,95,False
117,73,50,30,46,24,7041,67,43,False
166,64,24,34,131,6,9808,142,30,False
286,130,77,19,4,12,35717,209,111,False
166,137,65,31,28,99,20727,101,106,False
194,132,100,33,60,14,22308,94,99,True
251,65,48,34,0,19,14683,203,31,False
123,118,23,41,11,75,13571,100,77,True
123,98,84,47,23,20,8106,39,51,True
150,142,34,37,83,13,20042,116,105,False
229,129,30,22,88,86,28881,199,107,True
163,126,77,30,71,56,18228,86,96,False
279,107,40,50,101,2,27853,239,57,True
112,61,56,14,54,21,6048,56,47,False
220,128,84,46,117,36,24296,136,82,False
297,104,56,31,228,14,29152,241,73,True
242,72,74,40,69,19,14464,168,32,True
249,62,94,45,136,4,11208,155,17,True
237,87,58,14,55,43,19807,179,73,False
105,90,20,47,78,19,8510,85,43,True
158,127,80,29,16,96,17746,78,98,True
179,84,56,37,88,31,12964,123,47,False
204,115,81,41,111,52,20139,123,74,True
187,94,100,39,82,13,13678,87,55,False
149,115,49,26,50,18,15861,100,89,True
267,109,70,27,15,41,27213,197,82,True
199,117,71,24,69,87,21579,128,93,False
259,67,39,38,124,26,15871,220,29,True
198,82,23,40,172,40,15316,175,42,False
258,131,60,22,128,80,32478,198,109,False
190,61,58,25,128,8,10140,132,36,False
169,52,69,10,5,27,8098,100,42,False
131,67,36,15,33,41,8237,95,52,True
275,117,64,45,36,21,29295,211,72,False
121,111,80,28,3,55,11191,41,83,True
241,143,38,38,140,19,33019,203,105,True
225,62,97,37,121,11,10361,128,25,False
203,77,23,42,177,0,14665,180,35,False
121,104,32,10,19,78,12264,89,94,True
163,80,20,31,38,33,12420,143,49,False
110,99,28,37,48,49,9854,82,62,False
136,150,76,24,48,38,18576,60,126,True
125,132,85,46,38,33,12590,40,86,False
212,108,56,24,92,66,21552,156,84,True
297,113,89,29,22,68,30980,208,84,False
164,106,82,45,69,41,13694,82,61,True
176,131,21,31,65,69,22405,155,100,True
167,136,79,36,43,14,19868,88,100,False
250,110,68,31,168,18,25392,182,79,False
178,98,80,25,16,5,15444,98,73,False
264,96,24,45,235,4,24264,240,51,False
269,65,60,38,173,10,15205,209,27,True
147,123,77,12,69,46,17157,70,111,False
217,72,31,48,157,1,14136,186,24,True
280,93,39,16,214,10,25416,241,77,True
158,60,23,38,4,22,8606,135,22,True
200,110,23,21,78,67,21517,177,89,False
177,121,68,14,80,54,20465,109,107,True
286,91,40,36,13,54,24586,246,55,False
267,80,52,24,68,43,20112,215,56,False
104,123,55,33,19,72,10977,49,90,True
120,54,80,50,39,1,2480,40,4,False
203,144,39,36,115,45,27828,164,108,False
126,148,34,32,74,98,17560,92,116,True
254,102,50,13,183,29,25258,204,89,False
273,144,72,31,145,74,37080,201,113,True
272,97,35,17,196,41,25789,237,80,False
262,87,77,26,146,44,20792,185,61,False
267,127,38,38,103,53,32465,229,89,False
277,104,96,47,41,31,24296,181,57,True
269,114,24,22,162,78,30138,245,92,True
209,145,96,24,92,106,28001,113,121,False
276,121,61,32,99,56,31444,215,89,False
134,146,60,45,69,93,16864,74,101,False
173,63,58,30,60,23,9159,115,33,False
266,59,84,23,171,4,13762,182,36,True
224,80,36,14,21,37,17416,188,66,True
294,59,57,37,177,22,15237,237,22,False
261,129,38,41,5,47,32111,223,88,False
109,89,47,36,42,4,8009,62,53,True
160,105,47,10,19,20,16330,113,95,True
240,72,95,19,23,25,15475,145,53,False
208,84,63,31,9,26,15519,145,53,False
193,139,20,49,52,71,25847,173,90,False
139,131,34,38,12,66,16917,105,93,True
131,92,71,29,14,9,9993,60,63,True
111,127,73,44,0,36,10885,38,83,False
242,138,98,17,35,45,31730,144,121,True
233,72,41,17,141,16,16079,192,55,True
174,95,78,20,86,41,14970,96,75,False
294,73,70,19,159,30,20132,224,54,False
145,98,20,20,69,19,13810,125,78,False
149,108,99,32,27,61,12924,50,76,False
236,78,27,30,79,30,17598,209,48,False
252,137,33,28,162,29,33600,219,109,True
142,143,22,11,118,62,20064,120,132,True
135,72,35,33,48,16,8565,100,39,True
147,80,78,49,61,6,7938,69,31,False
224,140,95,22,12,59,29270,129,118,True
225,117,80,45,72,0,22725,145,72,False
181,56,92,28,51,11,7560,89,28,False
237,90,26,24,180,27,20706,211,66,True
124,83,85,35,27,19,7317,39,48,False
119,135,94,39,21,61,12399,25,96,True
174,120,50,44,110,6,18680,124,76,False
139,58,98,24,31,19,5710,41,34,False
238,52,23,42,97,0,11410,215,10,False
146,112,61,13,7,31,15559,85,99,False
210,100,84,31,66,4,18396,126,69,True
290,76,70,31,42,38,19870,220,45,False
201,125,68,24,46,30,23493,133,101,False
178,61,24,12,98,37,10570,154,49,False
119,86,71,16,20,50,9098,48,70,True
243,54,26,17,142,30,12680,217,37,False
134,100,52,34,80,43,11632,82,66,True
207,99,41,30,1,26,19263,166,69,True
225,114,66,39,143,31,23076,159,75,True
155,113,34,38,53,49,16223,121,75,True
134,138,32,28,34,1,17596,102,110,False
195,148,90,46,96,36,24720,105,102,True
145,119,37,17,73,36,16626,108,102,False
263,79,39,12,157,23,20309,224,67,False
267,109,94,15,47,69,27693,173,94,False
105,73,24,47,55,22,6537,81,26,False
224,129,67,34,103,74,26618,157,95,True
275,79,67,23,20,4,20184,208,56,False
264,79,98,31,145,4,17818,166,48,False
184,122,53,48,78,15,19904,131,74,True
271,64,74,28,47,22,15272,197,36,False
213,76,89,48,60,16,11916,124,28,False
232,132,44,19,28,23,29788,188,113,False
256,121,96,44,66,68,26752,160,77,True
119,103,97,15,15,75,10802,22,88,True
177,90,84,19,47,61,14334,93,71,True
261,104,46,43,74,23,25166,215,61,True
236,117,68,48,67,56,24348,168,69,True
245,126,38,22,119,69,30034,207,104,True
121,146,44,16,49,0,16962,77,130,True
206,65,28,28,154,2,12606,178,37,True
271,76,29,43,25,30,19349,242,33,True
169,75,87,24,44,16,10587,82,51,False
249,131,74,40,167,81,29659,175,91,True
185,58,65,45,17,2,7805,120,13,True
134,142,77,41,11,81,15871,57,101,False
230,138,33,42,102,66,30354,197,96,False
289,108,62,11,26,52,30530,227,97,False
250,65,71,27,146,33,14333,179,38,True
279,90,83,12,169,40,24114,196,78,True
290,84,56,44,12,18,21896,234,40,True
299,65,58,26,62,22,17927,241,39,True
273,53,85,12,181,4,13449,188,41,False
109,127,100,40,3,51,9843,9,87,False
190,68,74,21,27,29,11366,116,47,False
145,60,57,31,48,14,6933,88,29,True
179,77,45,14,74,37,13153,134,63,False
158,83,85,43,19,11,9459,73,40,True
131,128,97,17,5,111,15119,34,111,True
277,80,97,34,45,43,18862,180,46,False
206,52,83,49,93,1,6645,123,3,False
266,90,81,28,55,0,21672,185,62,True
197,80,48,33,88,17,14176,149,47,False
123,52,85,40,17,8,2996,38,12,False
153,72,92,24,0,22,8808,61,48,False
208,69,23,23,12,8,13823,185,46,False
241,102,68,27,30,62,22746,173,75,False
149,74,56,10,67,3,10466,93,64,True
105,80,74,16,19,56,7216,31,64,True
225,89,59,50,46,21,17075,166,39,False
290,79,65,18,20,46,21740,225,61,False
183,115,84,32,91,5,18357,99,83,False
247,110,72,40,99,29,24290,175,70,False
177,90,26,10,90,19,15670,151,80,False
273,111,49,26,217,73,29029,224,85,False
227,87,94,19,68,54,17963,133,68,False
166,64,83,39,76,12,7387,83,25,False
300,140,36,31,182,25,40884,264,109,True
211,87,27,17,77,9,17898,184,70,True
134,85,31,19,97,16,10801,103,66,True
124,77,35,33,11,14,8393,89,44,False
172,93,46,40,37,4,14156,126,53,False
154,114,61,33,78,63,15543,93,81,True
139,131,39,33,28,33,16922,100,98,True
153,148,86,44,29,77,18860,67,104,True
299,137,97,16,119,81,39411,202,121,True
205,144,33,40,132,30,28200,172,104,True
136,136,94,15,30,110,17086,42,121,False
230,86,43,17,82,5,19049,187,69,False
155,106,75,21,59,28,14855,80,85,True
179,90,95,27,61,43,13545,84,63,False
127,107,62,10,33,13,12969,65,97,True
258,63,97,18,138,17,14508,161,45,False
199,113,78,46,87,56,18899,121,67,True
219,149,53,25,32,119,31306,166,124,False
279,85,95,39,72,23,20010,184,46,True
165,122,90,41,22,43,16440,75,81,True
234,128,30,11,88,85,29622,204,117,True
300,137,96,10,165,50,40140,204,127,False
243,99,79,49,110,0,20186,164,50,True
129,141,37,44,2,1,16561,92,97,False
243,129,29,30,93,62,30477,214,99,False
196,69,97,28,63,11,10808,99,41,False
156,108,33,35,1,16,15693,123,73,False
176,146,27,48,24,51,24400,149,98,True
215,147,83,13,42,40,30526,132,134,True
184,78,60,47,54,1,11532,124,31,True
123,85,62,49,39,3,7417,61,36,False
283,111,94,46,0,31,27089,189,65,True
228,111,72,19,120,1,23940,156,92,False
229,105,63,18,100,40,22911,166,87,True
172,76,34,36,66,3,11848,138,40,True
171,110,58,17,45,76,17824,113,93,False
179,56,98,38,10,18,6300,81,18,True
245,104,62,33,78,61,23434,183,71,True
173,81,25,14,123,18,13663,148,67,True
273,137,92,31,59,20,34549,181,106,False
165,149,75,48,14,29,20985,90,101,False
186,135,31,47,137,20,23653,155,88,False
262,100,48,20,40,52,25240,214,80,True
213,81,75,34,111,32,14703,138,47,True
241,99,78,24,26,56,21987,163,75,True
249,120,55,47,4,23,27295,194,73,True
271,135,92,40,87,54,32905,179,95,True
106,124,84,29,3,32,10708,22,95,False
127,111,78,50,36,59,10197,49,61,False
222,150,84,27,125,2,31032,138,123,False
189,112,62,42,41,62,18564,127,70,True
215,132,23,40,5,67,27460,192,92,False
119,58,36,43,23,5,5354,83,15,True
291,64,91,48,180,8,14256,200,16,True
106,149,75,37,28,1,13019,31,112,False
129,137,73,17,21,104,16432,56,120,False
250,53,38,39,99,1,11768,212,14,True
142,139,41,43,99,74,17975,101,96,False
210,126,39,43,167,47,24783,171,83,False
278,83,55,25,162,16,21699,223,58,True
181,140,48,22,51,62,24284,133,118,False
109,100,93,24,11,1,8668,16,76,False
276,97,80,42,38,53,23412,196,55,True
264,140,30,29,174,58,36090,234,111,True
176,107,38,48,106,25,17008,138,59,False
224,60,68,35,122,1,11060,156,25,True
199,131,75,31,11,13,23744,124,100,False
212,86,27,43,144,7,17071,185,43,False
247,57,82,37,162,20,11045,165,20,True
156,91,30,49,47,3,12726,126,42,True
251,88,56,21,110,28,20912,195,67,True
264,53,98,16,138,21,12424,166,37,True
236,114,37,26,127,43,25942,199,88,False
139,92,96,20,24,24,10868,43,72,True
294,91,92,15,176,7,25374,202,76,True
115,134,53,48,26,63,12866,62,86,True
265,128,74,18,31,13,32588,191,110,False
251,99,63,32,142,46,22833,188,67,True
188,130,73,39,111,56,21593,115,91,True
246,63,87,25,5,4,13323,159,38,True
144,65,37,50,101,13,7510,107,15,True
144,76,84,37,23,36,7836,60,39,True
281,114,63,11,110,41,31341,218,103,False
239,86,31,25,110,42,19779,208,61,False
217,123,52,15,40,108,25911,165,108,False
155,79,49,26,80,37,10971,106,53,True
112,121,74,27,32,30,11554,38,94,False
256,101,47,17,28,47,25057,209,84,False
239,143,45,15,177,58,33502,194,128,True
165,110,33,23,79,34,17391,132,87,False
287,138,98,14,106,56,38234,189,124,True
130,113,48,20,30,60,13730,82,93,False
241,75,31,19,184,46,17486,210,56,True
161,135,94,19,10,59,19949,67,116,True
263,102,95,26,48,7,24356,168,76,True
157,140,36,34,118,103,20756,121,106,True
133,122,92,29,2,44,13558,41,93,False
285,83,37,34,53,38,22397,248,49,True
145,75,89,19,9,27,9184,56,56,True
299,60,83,46,177,4,14122,216,14,False
217,111,98,36,67,44,20559,119,75,True
149,62,99,25,31,15,6763,50,37,True
265,84,21,22,97,7,21798,244,62,False
292,72,21,31,263,40,20373,271,41,True
241,125,23,17,172,88,29734,218,108,False
268,66,95,35,44,17,14363,173,31,False
115,87,24,16,71,47,9621,91,71,False
181,110,34,42,1,47,18482,147,68,True
146,75,35,34,106,12,9760,111,41,False
220,128,31,14,172,42,27726,189,114,False
264,88,37,29,219,42,22159,227,59,True
183,144,83,39,26,65,23115,100,105,False
263,95,30,17,117,63,24475,233,78,False
159,91,24,30,63,61,13749,135,61,True
235,135,47,23,101,97,30644,188,112,False
115,103,35,40,0,37,10445,80,63,True
136,82,82,14,5,46,10004,54,68,False
235,144,39,36,168,86,32436,196,108,False
172,78,85,34,63,16,10526,87,44,True
270,64,53,35,114,5,15425,217,29,False
121,67,77,50,31,1,4257,44,17,True
140,131,63,10,39,77,17710,77,121,False
265,121,72,22,67,91,30481,193,99,True
299,91,40,11,69,0,26769,259,80,False
177,59,96,30,2,29,7563,81,29,True
186,131,39,19,109,112,23625,147,112,True
202,100,59,17,74,63,19197,143,83,False
191,81,54,45,2,18,13041,137,36,True
204,79,90,14,98,62,14856,114,65,False
214,63,91,50,69,10,8932,123,13,True
233,53,96,40,123,1,8509,137,13,False
244,142,40,24,124,61,33688,204,118,False
162,125,82,36,18,61,17298,80,89,True
108,86,94,44,5,18,5152,14,42,False
255,61,56,33,6,9,13707,199,28,False
212,103,72,23,46,49,20180,140,80,True
164,97,77,48,45,5,12212,87,49,True
169,147,22,10,94,105,24623,147,137,False
235,55,49,46,53,1,10671,186,9,False
117,65,61,25,31,1,6080,56,40,False
225,84,82,49,108,16,14882,143,35,True
203,111,85,18,105,57,21003,118,93,True
171,76,26,11,141,19,12710,145,65,True
237,147,71,15,40,3,33774,166,132,False
231,88,82,16,9,61,19016,149,72,False
287,141,83,42,75,34,36981,204,99,True
144,119,81,31,26,82,14625,63,88,False
290,137,53,23,25,63,38511,237,114,True
126,97,80,31,45,29,9742,46,66,True
250,66,54,10,181,9,15960,196,56,False
197,147,99,18,44,78,27177,98,129,False
192,138,32,50,95,55,24896,160,88,True
283,52,34,48,236,4,13084,249,4,False
271,61,76,47,81,6,12959,195,14,True
266,110,58,25,83,80,27810,208,85,False
295,140,55,50,131,24,38550,240,90,False
204,125,23,45,125,68,24465,181,80,True
183,108,42,32,137,19,18420,141,76,True
272,134,58,32,87,100,34592,214,102,False
242,103,90,12,22,18,23846,152,91,True
156,80,23,45,104,2,11445,133,35,True
186,131,38,44,39,50,22694,148,87,True
268,146,42,20,226,116,38288,226,126,False
278,116,40,32,74,32,30968,238,84,False
157,138,70,38,83,97,19006,87,100,True
275,114,84,27,31,82,29082,191,87,False
168,140,65,37,74,73,21115,103,103,True
297,146,56,22,241,40,42130,241,124,False
240,124,50,38,72,15,27860,190,86,True
277,125,40,21,236,86,33785,237,104,False
181,76,32,39,28,1,12508,149,37,False
155,110,58,17,89,35,16064,97,93,False
162,70,60,20,42,2,10140,102,50,True
267,136,35,16,111,20,35752,232,120,True
233,109,88,26,56,21,23109,145,83,False
251,113,69,31,39,17,26224,182,82,False
141,110,20,20,22,1,15110,121,90,True
101,63,36,24,60,11,5499,65,39,False
169,54,95,27,55,9,6561,74,27,True
139,128,90,31,16,37,15002,49,97,True
138,146,72,43,50,56,17052,66,103,False
181,115,43,31,85,27,19482,138,84,True
238,124,79,30,123,73,27142,159,94,True
228,91,40,25,188,48,19748,188,66,False
161,140,64,21,9,81,21196,97,119,False
260,148,75,13,134,83,37505,185,135,False
198,55,72,12,6,33,10026,126,43,False
242,131,80,42,121,37,28342,162,89,False
188,102,31,29,74,51,18277,157,73,True
149,137,62,41,43,2,17871,87,96,True
293,134,23,27,186,0,38641,270,107,True
107,87,64,20,17,36,8029,43,67,True
173,64,72,41,40,14,8120,101,23,False
248,133,41,10,44,71,32574,207,123,True
168,137,45,11,6,37,22521,123,126,True
208,137,99,41,52,96,24437,109,96,True
112,79,21,17,49,19,8491,91,62,True
104,91,56,39,23,1,7280,48,52,True
160,84,73,46,0,26,10082,87,38,False
110,93,64,40,12,0,7670,46,53,False
151,114,36,44,36,9,15630,115,70,False
276,82,95,50,66,11,17882,181,32,False
130,83,80,28,44,31,8550,50,55,True
233,69,70,14,11,37,15097,163,55,False
150,104,29,27,87,8,14817,121,77,False
259,67,88,26,153,3,15065,171,41,True
259,124,75,32,119,87,29716,184,92,False
227,136,38,27,96,65,29846,189,109,False
158,146,87,44,51,56,19240,71,102,True
146,142,68,43,43,56,17808,78,99,False
244,133,67,41,169,87,29705,177,92,True
124,98,78,35,36,5,9422,46,63,False
160,58,71,28,66,6,7292,89,30,True
269,112,48,17,142,0,29312,221,95,False
132,119,87,26,16,25,13446,45,93,False
117,87,44,11,26,2,9695,73,76,True
108,99,100,27,6,42,7992,8,72,True
130,92,85,42,4,33,8390,45,50,True
188,93,26,33,111,56,16626,162,60,False
300,150,56,18,86,102,43992,244,132,True
156,101,58,10,51,22,15176,98,91,False
125,107,32,39,75,56,12127,93,68,True
172,76,59,19,13,47,11951,113,57,False
265,50,22,43,59,3,12304,243,7,True
123,115,86,11,11,62,13199,37,104,False
196,109,26,44,61,16,20220,170,65,True
233,106,56,34,117,25,22794,177,72,False
129,105,52,34,52,26,11777,77,71,False
300,124,43,13,163,99,36641,257,111,True
234,142,66,38,23,64,30720,168,104,True
122,112,92,47,8,4,9340,30,65,True
109,93,21,13,37,59,9864,88,80,False
130,107,55,39,74,25,11765,75,68,False
131,106,47,31,32,11,12429,84,75,True
127,138,49,19,6,94,16595,78,119,True
206,76,82,20,12,34,14016,124,56,False
257,122,39,41,3,81,29755,218,81,True
105,56,99,13,6,25,4593,6,43,False
138,95,98,27,8,9,10464,40,68,False
234,68,95,35,26,6,12587,139,33,False
227,76,98,15,1,50,15782,129,61,True
105,62,65,43,27,0,3715,40,19,True
160,96,31,24,16,38,14616,129,72,True
133,67,26,44,51,11,7767,107,23,True
260,63,73,43,140,10,13241,187,20,True
288,85,69,37,121,24,21927,219,48,True
189,50,59,10,65,6,8860,130,40,False
253,107,64,12,98,27,26303,189,95,False
211,68,22,11,136,14,14106,189,57,True
238,139,46,41,39,14,31196,192,98,False
106,84,80,37,0,21,5944,26,47,True
171,124,20,40,29,15,20404,151,84,False
112,56,56,20,5,23,5152,56,36,True
206,66,25,15,139,39,13221,181,51,True
165,145,66,10,95,15,23265,99,135,True
280,112,66,19,173,53,30106,214,93,False
107,135,26,46,39,31,13249,81,89,True
251,96,47,30,45,53,22686,204,66,True
174,100,67,36,37,59,14988,107,64,False
271,149,81,26,44,10,38273,190,123,False
265,111,93,28,69,46,26811,172,83,True
165,80,47,10,84,51,12730,118,70,True
168,69,50,35,15,26,9842,118,34,True
249,56,32,35,133,11,12824,217,21,True
237,64,56,12,113,4,14496,181,52,False
275,76,84,16,189,47,19556,191,60,False
232,148,34,36,47,101,33112,198,112,True
276,118,62,29,15,58,30770,214,89,False
103,113,71,13,31,28,10716,32,100,True
131,92,27,39,41,0,10999,104,53,True
189,82,66,19,18,20,14244,123,63,True
157,55,51,37,52,13,6748,106,18,False
270,100,56,39,47,51,24816,214,61,True
269,125,83,48,89,25,29641,186,77,False
287,57,51,47,182,9,13962,236,10,True
158,132,58,20,96,63,19696,100,112,True
262,55,23,24,139,6,13858,239,31,True
284,109,64,46,59,2,28012,220,63,True
160,72,76,31,26,23,9164,84,41,False
279,101,54,35,118,36,26289,225,66,True
212,118,49,18,75,84,24134,163,100,False
293,102,64,36,196,26,27582,229,66,True
108,134,59,31,21,53,12643,49,103,True
134,103,28,44,21,30,12570,106,59,True
127,99,24,28,24,71,11901,103,71,True
112,126,86,15,23,102,12822,26,111,False
179,102,97,27,0,65,15639,82,75,False
262,91,33,33,125,1,22753,229,58,False
109,100,93,26,7,63,8482,16,74,False
202,112,33,26,21,66,21766,169,86,True
191,107,65,16,14,44,19397,126,91,False
182,120,89,34,84,82,18814,93,86,True
121,121,94,19,19,1,12855,27,102,True
191,81,71,22,17,52,13909,120,59,False
195,66,22,39,160,2,12012,173,27,True
104,138,36,18,34,52,13704,68,120,True
280,132,73,24,36,95,35208,207,108,False
112,85,64,30,41,4,7600,48,55,True
244,103,93,18,123,5,23458,151,85,False
250,60,71,36,164,12,12444,179,24,True
131,139,74,46,10,9,14805,57,93,False
293,142,25,19,163,94,41131,268,123,False
127,104,67,23,43,62,11667,60,81,False
199,62,27,23,95,33,11717,172,39,False
241,70,78,48,3,9,13126,163,22,False
145,62,25,47,114,5,7815,120,15,True
188,133,30,18,153,30,24464,158,115,True
254,106,35,42,138,28,25454,219,64,True
283,111,26,48,129,4,30165,257,63,False
156,104,42,12,75,67,15720,114,92,True
246,136,30,14,12,31,33036,216,122,False
232,141,73,50,127,65,29062,159,91,True
115,57,63,11,45,18,5862,52,46,True
252,96,59,24,17,49,22776,193,72,True
262,135,24,29,23,75,34674,238,106,True
253,118,37,34,180,31,28596,216,84,False
238,128,56,21,146,28,29288,182,107,True
207,116,43,31,135,41,22679,164,85,True
250,137,63,12,0,13,33494,187,125,False
123,114,65,13,11,24,13177,58,101,True
236,101,27,40,21,10,22756,209,61,False
262,94,77,38,129,32,21702,185,56,False
266,57,24,12,68,12,14874,242,45,True
163,64,87,44,11,4,6604,76,20,True
205,104,98,31,84,59,18282,107,73,False
133,120,97,22,14,76,13826,36,98,True
170,57,47,32,101,22,8186,123,25,False
263,113,44,26,33,66,28575,219,87,True
211,120,44,20,102,19,24440,167,100,False
289,107,63,38,35,27,28529,226,69,False
166,100,93,44,12,56,12508,73,56,True
195,122,63,41,51,30,21207,132,81,False
110,131,70,15,14,27,13360,40,116,False
266,103,31,41,22,23,26127,235,62,False
243,122,98,11,121,109,28568,145,111,True
136,147,86,13,35,67,18874,50,134,True
225,130,84,19,72,21,27654,141,111,True
130,133,38,47,65,59,15504,92,86,True
260,61,48,48,200,3,13556,212,13,True
248,130,42,23,50,39,31274,206,107,False
245,132,52,37,73,73,30416,193,95,True
172,53,37,36,122,17,7784,135,17,False
225,103,99,20,10,70,21195,126,83,True
283,60,35,15,168,5,16455,248,45,False
284,130,20,29,114,93,36340,264,101,True
281,137,73,40,157,9,35577,208,97,True
178,122,62,34,111,87,19608,116,88,True
266,101,75,39,37,9,23941,191,62,False
210,141,24,41,151,18,28626,186,100,True
183,97,85,28,84,40,15371,98,69,True
222,138,84,41,73,8,27192,138,97,True
266,108,72,11,140,1,27936,194,97,False
146,85,38,15,66,20,11840,108,70,False
167,51,57,35,31,1,6522,110,16,True
246,111,91,38,98,41,23848,155,73,False
267,117,77,48,13,43,27543,190,69,True
238,59,87,40,73,3,10562,151,19,True
199,64,55,17,7,35,11801,144,47,False
135,72,42,38,79,20,8124,93,34,True
122,127,66,28,37,4,13646,56,99,False
137,76,93,42,22,29,6506,44,34,True
231,128,35,27,136,82,28623,196,101,False
161,67,76,43,57,8,7519,85,24,False
160,115,64,17,59,47,17312,96,98,True
266,114,79,24,35,70,28428,187,90,True
231,132,92,31,48,50,27640,139,101,True
243,70,85,20,11,23,15310,158,50,False
241,66,47,24,14,4,14778,194,42,True
183,92,20,21,118,44,16416,163,71,False
260,100,70,26,75,8,24180,190,74,False
168,62,25,14,80,14,10066,143,48,False
288,132,85,17,77,114,36571,203,115,False
134,56,71,15,43,35,6439,63,41,False
281,78,79,26,134,25,19864,202,52,False
173,137,83,19,7,41,22124,90,118,False
141,68,32,38,47,29,8372,109,30,True
120,107,77,42,17,5,9606,43,65,False
166,122,22,49,1,33,19174,144,73,True
175,118,22,12,57,26,20386,153,106,True
132,98,39,25,50,43,11961,93,73,False
249,118,28,21,161,96,28794,221,97,True
117,84,95,19,4,0,8023,22,65,True
130,89,25,23,47,41,10995,105,66,False
249,70,46,40,70,26,15590,203,30,False
100,96,32,42,21,21,8256,68,54,False
268,58,90,45,126,6,11494,178,13,False
119,69,55,27,33,1,6726,64,42,True
267,134,59,49,186,10,32887,208,85,True
290,138,92,20,57,50,38180,198,118,False
176,61,78,48,4,6,6992,98,13,True
113,145,88,36,16,9,13217,25,109,True
285,102,97,43,95,37,24899,188,59,True
182,112,29,36,132,16,19340,153,76,True
144,70,25,27,83,15,9405,119,43,True
181,131,31,19,26,10,23122,150,112,False
142,79,40,46,48,25,9378,102,33,True
191,88,22,50,75,20,15708,169,38,True
166,109,36,17,65,14,17482,130,92,True
188,52,39,28,116,22,8684,149,24,True
277,138,69,34,68,92,35880,208,104,True
256,56,46,13,46,4,13738,210,43,True
231,75,85,19,79,41,15710,146,56,True
163,112,89,39,10,60,14785,74,73,True
103,94,21,45,75,1,8737,82,49,True
168,131,47,46,79,52,19846,121,85,True
158,100,61,40,53,5,13360,97,60,False
173,77,82,11,73,35,12419,91,66,False
152,106,94,43,30,7,12070,58,63,True
134,116,91,10,16,17,14634,43,106,False
291,94,39,40,242,48,25794,252,54,False
100,62,25,42,75,8,5150,75,20,True
288,141,49,45,45,87,38403,239,96,False
104,67,48,31,11,26,5480,56,36,True
168,66,51,11,24,35,10527,117,55,False
246,56,69,23,145,19,12189,177,33,True
193,131,38,42,19,64,23687,155,89,False
250,145,54,35,123,1,34360,196,110,True
143,57,24,47,107,6,7023,119,10,False
204,67,62,15,17,13,12738,142,52,True
118,137,29,36,73,89,15122,89,101,True
275,136,32,32,46,8,36376,243,104,True
122,133,36,46,38,60,14570,86,87,True
273,102,96,30,2,17,24966,177,72,False
297,128,71,37,114,54,35389,226,91,False
147,98,90,47,32,34,10176,57,51,False
209,138,93,31,93,104,25959,116,107,False
255,101,23,12,24,67,25479,232,89,True
131,150,79,44,36,52,16174,52,106,False
178,123,95,44,12,55,17714,83,79,True
249,87,48,32,42,3,20127,201,55,False
272,136,87,31,161,82,34295,185,105,True
215,116,58,23,33,86,23606,157,93,False
284,107,28,24,83,9,29716,256,83,True
114,118,67,33,28,8,11241,47,85,False
213,139,27,12,75,39,29283,186,127,True
177,90,82,32,4,23,13306,95,58,True
122,114,98,10,20,22,12928,24,104,True
119,63,75,33,38,26,5022,44,30,True
153,107,82,45,59,51,12681,71,62,True
166,104,83,46,67,48,13446,83,58,False
216,143,45,12,143,14,30348,171,131,False
218,68,52,18,89,21,13888,166,50,True
272,76,55,50,145,14,17922,217,26,False
298,69,64,50,157,4,17362,234,19,False
271,59,76,24,184,0,14165,195,35,True
111,137,61,40,1,63,12767,50,97,False
164,101,72,43,72,48,13468,92,58,False
178,89,92,17,37,63,14278,86,72,True
198,131,95,14,48,37,24608,103,117,True
179,85,29,34,72,19,14229,150,51,True
150,87,59,10,76,3,12460,91,77,True
262,141,37,10,88,28,36572,225,131,False
128,77,34,18,70,16,9244,94,59,True
186,140,36,37,86,49,24708,150,103,False
275,136,62,41,124,49,34858,213,95,False
158,99,50,24,33,19,14442,108,75,False
123,59,77,35,25,16,4562,46,24,False
270,150,87,27,112,70,38151,183,123,True
172,150,77,20,95,105,24260,95,130,False
134,52,70,12,61,11,6128,64,40,False
103,142,74,16,22,120,13442,29,126,False
120,62,73,21,23,11,5907,47,41,False
108,61,44,20,22,3,5708,64,41,True
193,75,96,13,65,5,13227,97,62,False
183,75,80,17,99,40,12365,103,58,True
141,98,69,44,8,35,10782,72,54,True
115,109,85,35,7,60,9560,30,74,False
294,80,84,42,149,11,19992,210,38,False
167,111,63,18,18,21,17403,104,93,True
155,70,27,10,89,33,10580,128,60,False
194,79,91,26,89,13,12960,103,53,False
163,142,25,16,59,3,22746,138,126,True
154,71,23,22,131,47,10428,131,49,False
132,130,21,34,53,51,16446,111,96,True
157,71,42,29,58,30,9929,115,42,False
238,74,48,36,4,1,15884,190,38,True
109,135,85,38,8,3,11485,24,97,True
202,125,94,29,96,32,22524,108,96,False
102,85,44,26,28,25,7526,58,59,True
233,69,95,34,75,34,12847,138,35,True
123,58,66,47,28,5,4032,57,11,True
181,58,66,22,113,15,9046,115,36,True
189,53,50,38,20,10,8117,139,15,False
288,134,29,10,150,117,38302,259,124,False
222,138,39,16,150,26,30012,183,122,True
295,66,51,36,126,27,17634,244,30,True
166,116,23,42,38,66,18290,143,74,False
232,72,77,45,137,10,13239,155,27,True
227,61,58,38,142,7,11643,169,23,True
125,82,82,25,29,18,8200,43,57,False
201,55,83,18,65,26,9561,118,37,False
263,97,32,17,181,47,24967,231,80,False
205,70,78,10,23,28,13570,127,60,True
272,76,76,26,27,50,18696,196,50,False
180,85,34,11,59,16,14926,146,74,False
142,108,98,40,44,46,11416,44,68,False
197,78,54,11,83,3,14772,143,67,True
111,131,51,22,40,41,13419,60,109,False
167,122,97,34,54,65,17076,70,88,False
151,89,20,11,109,65,13219,131,78,False
189,149,84,35,77,95,25221,105,114,True
173,113,87,31,53,63,16852,86,82,False
266,124,23,49,137,42,31857,243,75,False
166,51,75,19,65,1,7041,91,32,True
256,96,84,14,41,19,23400,172,82,True
127,117,90,11,29,7,13869,37,106,True
198,98,53,27,78,60,17973,145,71,True
151,54,49,30,48,16,6684,102,24,True
192,67,52,29,62,25,11356,140,38,True
163,112,65,18,34,56,17086,98,94,False
225,140,73,29,110,11,29383,152,111,True
116,64,95,15,9,15,5999,21,49,False
300,82,52,10,68,66,24080,248,72,False
259,63,86,31,72,16,13651,173,32,False
111,65,47,18,3,37,6369,64,47,False
258,129,37,48,126,61,31506,221,81,True
220,134,42,37,139,8,27926,178,97,True
180,139,59,23,38,103,23663,121,116,True
162,59,48,28,1,13,8214,114,31,False
233,109,30,50,107,31,23897,203,59,True
168,138,71,40,91,84,20344,97,98,False
229,78,52,17,33,2,16978,177,61,True
156,58,42,41,6,9,7326,114,17,False
123,140,35,50,66,48,15470,88,90,False
178,100,46,31,101,18,16374,132,69,False
166,55,33,20,15,13,8470,133,35,True
217,121,62,44,152,8,23529,155,77,True
226,84,34,31,116,19,17930,192,53,True
129,146,41,37,86,27,17317,88,109,True
207,146,56,10,49,33,29662,151,136,False
277,94,20,46,249,40,25118,257,48,False
294,106,99,40,103,62,27204,195,66,False
285,55,31,28,116,5,14807,254,27,True
158,80,86,38,38,33,9372,72,42,False
263,61,70,49,134,6,12613,193,12,True
251,106,63,35,86,69,24401,188,71,True
221,62,52,36,59,16,11830,169,26,False
169,111,79,45,72,5,15204,90,66,True
212,108,89,19,51,30,21205,123,89,True
255,117,95,37,141,63,26320,160,80,True
143,105,55,14,38,14,14245,88,91,True
299,115,80,12,149,56,33425,219,103,True
278,108,80,25,157,73,28024,198,83,True
205,139,75,46,42,90,25045,130,93,False
245,60,32,48,103,12,13164,213,12,True
284,115,88,17,52,1,31164,196,98,False
247,138,60,14,134,72,33246,187,124,False
283,93,62,50,21,8,23219,221,43,False
225,55,37,49,68,4,10562,188,6,True
153,61,42,12,28,15,8829,111,49,True
295,120,56,17,32,83,34448,239,103,False
157,123,55,26,4,71,17881,102,97,True
289,121,65,42,20,23,32239,224,79,False
150,123,85,31,2,32,15815,65,92,True
129,133,34,40,25,69,15797,95,93,False
150,130,30,21,89,87,18870,120,109,True
292,61,38,17,248,28,17166,254,44,True
204,123,81,41,91,24,21771,123,82,False
246,105,51,33,34,35,24147,195,72,True
276,71,80,35,194,15,16796,196,36,False
162,98,53,36,7,48,13968,109,62,True
170,57,55,24,17,28,8370,115,33,False
172,90,93,45,68,15,11295,79,45,True
282,137,79,24,168,45,36738,203,113,True
215,113,31,49,45,21,22776,184,64,False
150,139,78,16,6,6,19602,72,123,True
193,65,51,14,85,12,11831,142,51,True
157,131,56,13,38,30,19839,101,118,False
179,107,66,29,18,5,17239,113,78,True
283,136,65,14,7,49,37578,218,122,True
270,124,67,49,22,47,30197,203,75,False
117,64,26,26,57,19,6812,91,38,False
254,51,83,26,105,8,10796,171,25,False
103,143,45,28,25,44,13469,58,115,False
259,133,64,30,89,83,32527,195,103,True
138,79,41,33,38,8,9549,97,46,True
231,95,30,26,125,10,21165,201,69,False
204,65,87,26,12,27,10998,117,39,True
117,122,66,15,38,40,13284,51,107,False
298,120,42,31,210,50,34458,256,89,False
251,103,42,34,91,15,24425,209,69,False
175,102,23,13,67,35,17551,152,89,True
162,95,48,14,16,2,14718,114,81,False
182,112,82,20,72,83,18744,100,92,False
245,87,62,16,136,67,20323,183,71,False
155,150,91,23,32,33,21157,64,127,True
182,60,77,40,0,4,7840,105,20,False
207,64,76,35,29,18,10588,131,29,False
203,53,29,32,166,14,9831,174,21,True
155,97,50,16,2,27,14235,105,81,True
220,140,40,19,6,78,30040,180,121,True
212,122,48,46,118,51,23656,164,76,True
128,87,50,39,41,40,9186,78,48,False
101,129,83,45,12,16,9294,18,84,False
208,134,41,33,25,39,26519,167,101,False
208,129,51,45,134,2,24537,157,84,False
235,53,21,30,5,5,11825,214,23,True
221,113,79,36,65,7,22129,142,77,True
158,100,81,36,68,58,12884,77,64,False
236,114,50,31,53,63,25354,186,83,True
256,93,41,38,174,1,22250,215,55,True
151,102,88,34,7,61,12410,63,68,False
224,95,53,33,112,46,19531,171,62,False
213,115,54,49,152,51,21849,159,66,True
256,68,34,45,7,21,15878,222,23,True
185,131,60,28,3,18,22555,125,103,True
181,115,84,34,58,24,17959,97,81,False
128,134,54,44,0,73,14776,74,90,True
150,81,73,19,8,27,10763,77,62,False
287,78,68,17,21,44,21230,219,61,True
201,119,94,15,78,43,22509,107,104,True
149,141,62,32,35,39,19025,87,109,True
220,93,49,21,58,38,19431,171,72,True
296,120,48,49,180,54,33168,248,71,True
275,148,37,29,133,74,39627,238,119,True
110,149,45,18,65,51,15580,65,131,True
281,146,31,36,226,96,39910,250,110,True
164,89,41,12,107,50,14104,123,77,False
256,80,25,46,227,9,19330,231,34,False
140,59,47,10,36,31,7790,93,49,True
266,130,43,26,75,9,33462,223,104,False
193,131,27,19,160,53,24770,166,112,True
271,124,84,33,159,73,30832,187,91,False
251,68,77,17,73,43,15759,174,51,False
147,114,96,33,30,24,13590,51,81,False
217,80,79,26,105,32,15306,138,54,False
292,118,46,16,50,18,33720,246,102,False
240,68,95,23,107,42,14135,145,45,True
285,61,64,14,9,21,16489,221,47,True
119,57,36,20,12,5,6063,83,37,True
125,93,76,34,32,59,9041,49,59,True
100,132,42,37,34,84,11646,58,95,True
182,126,77,36,90,80,20160,105,90,True
246,99,31,11,215,45,24013,215,88,False
171,72,95,39,35,23,8607,76,33,False
149,76,69,49,17,17,7943,80,27,False
168,126,99,25,4,24,18693,69,101,False
252,79,50,39,92,6,17958,202,40,False
160,53,66,17,82,29,7358,94,36,True
225,87,40,23,71,45,18655,185,64,True
109,118,30,19,27,73,12292,79,99,True
102,102,64,21,33,81,9060,38,81,True
187,116,33,44,22,66,20240,154,72,True
199,84,28,35,50,10,15736,171,49,True
196,144,79,19,108,35,26723,117,125,True
199,81,84,28,61,0,13767,115,53,True
239,125,54,44,169,66,27499,185,81,False
267,91,75,32,43,28,21897,192,59,False
231,121,30,11,120,65,27621,201,110,False
234,99,57,38,150,40,21000,177,61,True
103,67,87,15,8,33,5596,16,52,False
290,145,66,31,149,25,40004,224,114,False
124,99,31,30,91,61,11346,93,69,False
222,127,22,29,111,92,27556,200,98,True
131,109,78,15,6,20,13109,53,94,False
186,79,68,44,110,25,11702,118,35,False
211,128,79,50,26,53,23058,132,78,True
179,64,20,40,77,18,10656,159,24,True
212,97,93,29,33,62,17867,119,68,False
243,72,33,31,22,11,16473,210,41,False
257,89,42,12,144,69,22369,215,77,False
139,148,49,10,60,1,20082,90,138,False
219,52,98,18,5,34,9624,121,34,True
169,136,73,40,72,95,20064,96,96,True
238,131,67,38,7,57,28632,171,93,False
295,134,43,27,74,79,38369,252,107,True
289,141,76,13,9,54,39761,213,128,False
227,64,49,14,158,28,13842,178,50,True
131,117,38,49,83,34,13465,93,68,False
225,84,96,41,28,15,14964,129,43,False
209,100,31,23,141,18,20187,178,77,True
105,140,72,46,7,43,11388,33,94,False
117,111,24,48,5,61,11835,93,63,False
278,116,68,31,20,21,30140,210,85,False
247,86,86,31,37,31,18576,161,55,False
206,83,59,33,101,45,15151,147,50,False
190,115,26,30,144,44,21070,164,85,False
127,91,71,46,12,19,8291,56,45,True
122,137,81,43,24,85,13231,41,94,True
292,100,39,19,31,33,28459,253,81,False
116,57,50,40,39,3,4612,66,17,False
269,52,76,32,127,1,11556,193,20,False
236,147,55,16,167,99,33812,181,131,True
168,73,71,19,23,21,10915,97,54,True
295,131,50,34,184,70,36945,245,97,True
280,135,71,27,196,83,35883,209,108,True
280,80,96,50,33,23,17600,184,30,True
164,72,31,12,78,1,11436,133,60,False
194,84,80,46,97,5,12616,114,38,False
149,88,52,49,29,14,10564,97,39,True
255,131,38,12,77,118,32949,217,119,False
153,70,99,13,10,22,9423,54,57,False
107,94,82,38,20,48,6942,25,56,False
181,54,89,29,27,20,7193,92,25,False
205,76,64,27,81,5,13852,141,49,True
212,89,69,16,99,35,17764,143,73,True
257,115,62,45,23,28,26765,195,70,True
176,50,60,24,63,23,7360,116,26,True
231,51,39,14,40,6,11235,192,37,True
175,82,61,14,40,2,13496,114,68,False
168,75,40,17,123,22,11920,128,58,True
267,115,55,19,182,40,29660,212,96,False
259,135,71,36,126,39,32409,188,99,False
221,55,45,39,65,4,10400,176,16,True
117,147,100,14,3,9,15799,17,133,True
298,130,59,17,146,100,37737,239,113,False
141,77,88,38,2,8,7513,53,39,False
236,51,59,15,26,29,11151,177,36,False
136,51,34,10,38,4,6596,102,41,False
122,82,57,43,48,37,7553,65,39,False
236,123,64,22,33,24,27620,172,101,False
133,117,84,23,6,22,13629,49,94,True
199,143,61,13,113,37,27664,138,130,False
222,76,80,47,58,1,13112,142,29,True
297,99,78,21,94,43,27765,219,78,True
251,68,24,47,179,2,15940,227,21,True
106,56,58,16,21,8,5008,48,40,False
282,139,64,30,57,1,37278,218,109,True
187,67,53,27,34,28,11098,134,40,True
296,79,42,11,150,17,22922,254,68,False
284,81,40,44,220,22,21244,244,37,False
254,66,92,13,126,6,15568,162,53,False
204,50,49,26,52,20,8926,155,24,True
133,143,80,24,46,96,17099,53,119,False
188,126,30,50,33,5,22188,158,76,False
291,143,52,47,201,15,39169,239,96,True
207,54,32,14,130,10,10730,175,40,False
104,93,38,23,44,12,8798,66,70,False
189,96,21,17,151,9,17787,168,79,True
107,58,80,46,25,2,2526,27,12,False
126,110,27,25,84,17,13185,99,85,True
284,89,95,18,33,11,23566,189,71,False
104,63,66,15,36,28,5562,38,48,False
135,65,40,38,61,6,7255,95,27,True
247,105,98,45,132,14,21525,149,60,True
143,135,21,47,41,84,18318,122,88,False
255,86,56,18,92,16,20922,199,68,False
121,87,34,34,65,6,9371,87,53,True
236,111,77,19,155,36,24733,159,92,False
144,85,88,13,56,41,11096,56,72,True
134,78,33,10,51,46,10122,101,68,True
274,67,41,43,161,1,16595,233,24,False
217,123,69,42,112,17,23793,148,81,False
233,90,27,45,161,42,19755,206,45,False
172,69,20,33,73,4,11208,152,36,True
183,98,50,13,106,30,17284,133,85,False
277,119,26,36,125,69,32027,251,83,False
237,117,61,41,123,27,25228,176,76,True
209,84,86,50,47,15,13256,123,34,True
265,80,95,43,160,37,17115,170,37,True
203,132,23,30,38,53,26106,180,102,True
144,66,96,25,27,7,7104,48,41,True
286,118,85,24,157,87,31708,201,94,False
291,65,65,18,206,17,17745,226,47,True
100,92,24,45,47,44,8120,76,47,False
144,69,95,39,24,18,6231,49,30,True
186,84,55,35,115,44,13699,131,49,True
248,69,28,47,79,19,15796,220,22,True
280,111,62,25,172,34,29530,218,86,True
187,90,98,41,15,32,12812,89,49,True
103,66,48,34,14,4,5166,55,32,True
213,66,34,16,46,29,13514,179,50,True
244,136,81,29,18,11,30835,163,107,True
108,85,95,38,6,15,5570,13,47,False
113,98,81,10,2,31,10264,32,88,True
164,127,85,43,70,35,17173,79,84,True
244,125,60,24,107,9,29060,184,101,False
193,82,92,10,31,55,14906,101,72,False
184,85,97,41,13,13,11663,87,44,True
143,130,62,46,19,11,15738,81,84,True
169,98,69,21,0,41,15113,100,77,False
158,117,81,34,66,26,15732,77,83,True
263,118,48,15,145,43,30314,215,103,True
222,147,92,42,47,77,28770,130,105,True
210,82,42,13,150,12,16674,168,69,True
260,71,89,15,116,24,17125,171,56,False
193,105,40,13,100,26,19745,153,92,False
124,106,26,29,71,31,12390,98,77,False
189,138,96,15,27,69,24642,93,123,False
205,145,57,10,113,82,29155,148,135,False
131,141,33,11,94,53,18108,98,130,False
193,136,85,24,67,50,24208,108,112,True
225,144,79,39,137,6,29319,146,105,True
103,134,57,28,34,28,12206,46,106,True
140,65,74,44,63,10,5844,66,21,True
260,92,96,24,163,19,21616,164,68,True
290,125,32,11,256,37,35898,258,114,True
223,98,21,27,8,12,21287,202,71,True
108,120,72,33,13,4,10584,36,87,True
183,67,41,38,2,3,10703,142,29,True
239,61,27,46,19,4,13337,212,15,False
269,121,35,22,15,27,31779,234,99,False
185,58,100,45,21,7,6230,85,13,True
225,54,31,47,43,7,10693,194,7,True
188,86,94,48,9,6,11656,94,38,False
153,85,72,29,12,53,10917,81,56,False
214,55,78,15,60,18,10600,136,40,False
209,131,79,26,22,59,25325,130,105,True
215,87,57,21,1,31,17508,158,66,False
192,136,99,26,75,59,23538,93,110,False
296,106,20,46,250,32,30456,276,60,False
170,94,57,46,90,41,13358,113,48,True
255,85,40,10,144,20,21275,215,75,False
146,71,80,21,58,18,8686,66,50,False
149,78,66,50,67,11,8322,83,28,True
276,132,22,42,142,50,35508,254,90,False
111,138,88,13,9,116,14174,23,125,True
119,61,42,12,3,37,6755,77,49,True
223,148,97,23,48,92,30773,126,125,False
141,76,98,38,25,29,6992,43,38,True
284,113,74,18,11,82,30760,210,95,True
295,71,78,10,103,12,20165,217,61,False
289,111,98,50,151,44,27179,191,61,True
160,52,22,18,1,23,7924,138,34,True
152,143,24,24,128,46,21160,128,119,True
148,80,97,30,18,29,8930,51,50,False
216,99,94,31,114,35,18470,122,68,False
154,123,20,35,23,18,18242,134,88,True
161,86,79,20,39,34,12266,82,66,True
213,130,55,16,93,20,26810,158,114,True
128,77,68,42,52,23,7000,60,35,False
145,70,48,32,75,33,8614,97,38,False
241,68,90,32,136,33,13508,151,36,False
270,104,38,12,150,49,27624,232,92,False
277,136,40,14,161,73,37112,237,122,False
112,124,40,22,16,63,13008,72,102,True
162,103,78,11,56,55,15828,84,92,False
101,140,70,36,24,102,11620,31,104,True
271,58,81,30,46,14,13288,190,28,True
150,82,66,13,53,65,11442,84,69,False
162,69,22,25,98,12,10628,140,44,False
194,72,26,50,59,15,12668,168,22,True
152,127,94,40,29,54,15544,58,87,True
294,111,88,22,40,48,30698,206,89,True
164,122,42,40,83,1,18328,122,82,False
107,69,71,32,12,35,5111,36,37,True
146,149,25,39,40,87,20779,121,110,True
177,87,55,38,106,23,13309,122,49,False
223,81,30,47,26,3,16653,193,34,False
156,126,43,18,96,60,18882,113,108,False
184,83,90,32,7,36,12392,94,51,True
207,141,46,18,139,78,28359,161,123,True
247,98,65,24,169,25,22646,182,74,False
146,144,51,27,10,8,19647,95,117,True
250,132,64,46,124,64,30056,186,86,True
299,126,26,17,161,16,37232,273,109,True
231,129,22,30,82,6,29139,209,99,True
260,98,47,21,23,30,24493,213,77,False
265,80,85,19,45,28,19585,180,61,True
202,139,29,20,123,8,27498,173,119,True
296,63,49,24,86,23,17472,247,39,True
294,121,77,43,71,64,32263,217,78,False
298,105,56,13,220,29,30562,242,92,True
236,64,83,30,27,27,12614,153,34,True
138,71,98,21,16,34,7740,40,50,False
193,74,25,31,51,40,13507,168,43,False
209,137,42,29,126,38,27415,167,108,False
101,122,50,22,30,26,11222,51,100,False
209,145,58,46,32,78,27637,151,99,True
224,143,23,46,71,8,30974,201,97,True
239,76,68,14,116,40,17212,171,62,False
129,127,86,33,11,60,13545,43,94,True
223,50,80,27,88,0,8990,143,23,True
265,108,88,37,89,22,25364,177,71,True
129,115,64,29,16,62,12979,65,86,True
140,62,61,25,15,32,7155,79,37,False
296,85,24,38,199,35,24248,272,47,True
224,108,33,24,149,37,23400,191,84,False
234,149,60,13,20,34,34086,174,136,False
297,93,68,46,33,3,24493,229,47,False
295,133,60,32,39,54,37315,235,101,True
298,65,91,46,184,3,15184,207,19,True
282,130,86,31,3,84,33994,196,99,True
159,132,37,48,27,74,19212,122,84,False
151,64,65,29,65,15,7779,86,35,False
145,79,24,31,24,16,10711,121,48,True
109,83,95,31,10,14,6102,14,52,False
193,139,42,15,2,22,26197,151,124,True
165,127,49,18,53,80,20073,116,109,True
164,78,74,19,80,26,11386,90,59,False
198,115,55,47,50,64,20185,143,68,True
290,89,89,26,49,30,23496,201,63,True
270,54,70,21,165,13,13110,200,33,False
256,125,60,33,134,8,30020,196,92,False
184,138,83,45,29,7,21657,101,93,False
247,85,69,33,154,15,18718,178,52,True
147,96,70,38,62,55,11452,77,58,True
227,67,35,30,33,17,14159,192,37,False
274,139,49,19,25,58,37155,225,120,False
108,106,91,20,11,4,9628,17,86,False
255,65,92,45,65,12,12435,163,20,True
181,73,95,34,83,35,9983,86,39,True
136,128,61,37,41,14,15151,75,91,False
147,100,39,40,9,6,13140,108,60,False
109,74,46,19,40,26,7192,63,55,False
100,78,73,25,24,32,5975,27,53,False
285,117,75,25,112,36,31470,210,92,True
286,104,98,42,18,60,25628,188,62,True
169,52,72,22,78,22,7204,97,30,True
193,50,62,49,1,0,6612,131,1,True
165,115,52,26,35,69,17623,113,89,False
217,149,72,43,86,66,29237,145,106,True
292,122,94,42,29,19,31676,198,80,False
101,141,62,13,19,68,13435,39,128,True
236,107,82,37,80,40,22218,154,70,False
199,90,44,16,89,18,17206,155,74,False
267,101,76,34,133,3,24383,191,67,False
156,135,79,25,52,56,19085,77,110,False
122,53,84,50,14,0,2266,38,3,True
156,97,81,38,7,56,12054,75,59,True
144,64,31,39,17,2,8007,113,25,True
207,63,91,49,68,6,8582,116,14,True
146,54,95,35,44,13,4559,51,19,True
298,92,50,18,194,63,26516,248,74,True
117,138,30,39,34,11,14976,87,99,False
142,115,73,32,37,13,13994,69,83,True
247,64,76,21,34,0,14212,171,43,False
141,53,85,31,1,13,4838,56,22,True
158,56,94,15,45,24,7438,64,41,True
110,92,43,16,50,63,9432,67,76,True
113,108,90,25,12,48,9954,23,83,True
222,74,64,11,92,45,15724,158,63,True
238,114,91,24,91,28,24948,147,90,True
181,149,68,42,70,97,24113,113,107,True
203,70,93,23,32,4,12071,110,47,False
300,64,74,24,169,32,17424,226,40,True
220,61,66,27,14,28,11638,154,34,True
229,69,81,45,11,8,12156,148,24,True
134,73,22,18,42,11,9386,112,55,True
272,53,49,13,63,34,13779,223,40,False
189,126,41,41,4,70,22133,148,85,True
293,110,77,28,148,14,30074,216,82,True
121,109,27,41,42,16,12082,94,68,True
133,143,71,22,19,0,17457,62,121,False
219,86,54,21,10,7,17700,165,65,True
153,52,72,41,70,3,5004,81,11,False
135,54,35,38,72,14,5960,100,16,True
179,83,57,18,116,53,13831,122,65,False
296,58,79,17,33,2,15825,217,41,False
260,84,67,33,172,33,19629,193,51,True
292,88,70,27,46,58,23806,222,61,True
229,144,99,44,97,49,28620,130,100,True
234,81,73,41,21,7,15961,161,40,True
125,140,26,35,70,24,16590,99,105,True
202,72,43,21,35,37,13641,159,51,True
168,97,63,22,101,53,14910,105,75,True
213,69,24,13,101,3,14385,189,56,True
177,121,94,44,12,10,17281,83,77,False
273,53,42,33,186,0,13083,231,20,False
217,120,92,40,84,47,22360,125,80,True
281,91,80,42,66,38,22211,201,49,False
224,128,70,10,36,65,27972,154,118,False
109,50,61,25,40,22,3925,48,25,True
177,137,66,11,70,74,23523,111,126,False
262,52,47,33,73,6,12073,215,19,False
241,117,36,25,3,82,27297,205,92,True
196,106,38,10,106,44,20396,158,96,False
201,142,38,18,94,0,27858,163,124,True
122,99,98,41,2,0,8060,24,58,False
261,123,66,25,46,92,30453,195,98,True
275,76,92,31,33,23,18048,183,45,True
188,74,54,28,3,3,12400,134,46,False
211,113,49,48,159,26,21491,162,65,True
132,92,75,50,16,34,8394,57,42,False
295,92,87,47,208,8,23051,208,45,True
176,129,42,21,98,66,21822,134,108,False
231,56,88,42,108,4,9240,143,14,False
198,77,88,21,98,23,13398,110,56,True
160,118,94,47,34,57,14462,66,71,True
240,116,53,14,95,85,27098,187,102,False
165,110,58,20,2,56,16990,107,90,False
137,59,36,19,30,34,7399,101,40,True
102,88,25,14,63,49,8626,77,74,False
101,72,50,19,35,22,6322,51,53,True
247,98,34,42,100,5,22778,213,56,False
229,85,84,46,59,39,15601,145,39,False
104,134,62,49,31,74,10898,42,85,False
196,76,72,24,77,41,13168,124,52,False
176,82,91,35,54,12,11247,85,47,False
265,125,40,10,140,40,32725,225,115,True
180,58,66,30,87,18,8460,114,28,True
116,116,46,37,3,68,11754,70,79,True
286,75,85,11,51,24,20515,201,64,True
196,62,76,33,3,23,9644,120,29,False
268,128,46,18,117,5,33476,222,110,True
157,87,21,14,114,18,13365,136,73,False
124,86,94,42,7,40,6716,30,44,True
228,145,100,46,76,0,28460,128,99,False
217,74,76,17,1,48,14766,141,57,True
273,135,49,29,119,30,35434,224,106,True
171,131,100,50,37,5,17401,71,81,False
122,108,45,20,1,71,12276,77,88,False
286,105,75,47,97,53,26505,211,58,False
115,143,38,36,20,79,15077,77,107,True
141,75,41,29,52,15,9386,100,46,False
246,84,48,28,112,10,19320,198,56,True
106,81,86,23,7,34,6608,20,58,True
254,140,95,31,126,54,32615,159,109,False
240,96,26,42,172,36,21948,214,54,True
226,125,91,19,52,34,26521,135,106,True
211,50,45,21,165,6,9605,166,29,False
160,83,70,35,21,42,10830,90,48,True
280,50,40,41,204,3,12360,240,9,False
248,76,43,22,142,39,17902,205,54,True
189,89,30,38,13,32,15681,159,51,False
172,68,42,47,25,17,9722,130,21,True
170,99,36,32,32,21,15678,134,67,False
204,61,93,15,56,11,11049,111,46,True
270,111,54,45,136,46,27540,216,66,True
178,71,56,34,90,2,10734,122,37,False
100,128,45,48,52,55,10640,55,80,True
187,84,80,36,34,29,12828,107,48,False
236,119,50,49,107,44,25634,186,70,False
281,54,47,48,105,5,12918,234,6,True
230,66,42,36,176,13,13668,188,30,False
269,100,25,44,52,38,25800,244,56,False
128,119,93,27,35,61,12721,35,92,True
268,113,53,32,75,6,28588,215,81,False
115,66,46,17,51,6,6808,69,49,False
201,64,21,20,95,2,12444,180,44,True
205,131,52,32,25,77,25191,153,99,False
237,143,35,48,167,44,32211,202,95,False
153,86,50,43,101,4,11008,103,43,True
277,144,81,34,73,36,37134,196,110,False
228,101,71,26,1,43,21182,157,75,False
176,96,68,36,69,49,14448,108,60,False
262,54,24,20,43,29,13668,238,34,False
121,79,70,12,35,51,8719,51,67,False
252,143,45,12,198,48,35496,207,131,False
140,58,95,16,10,39,6600,45,42,False
216,110,95,40,103,46,19960,121,70,False
218,105,39,46,125,40,21096,179,59,False
120,114,42,47,74,19,11706,78,67,False
180,131,38,50,47,53,21680,142,81,False
240,123,71,18,151,82,28242,169,105,True
116,109,34,28,34,13,11692,82,81,True
187,50,40,38,12,11,7830,147,12,False
285,109,83,35,38,47,28160,202,74,False
234,56,84,15,14,41,11844,150,41,True
177,117,41,28,105,32,19561,136,89,False
169,144,22,39,58,63,23478,147,105,True
233,73,73,37,58,35,14308,160,36,True
178,102,79,24,24,32,16260,99,78,False
122,97,32,34,44,43,10746,90,63,False
298,64,51,19,154,33,18103,247,45,True
296,86,70,20,12,49,24056,226,66,True
216,102,78,23,62,26,20238,138,79,False
245,88,52,45,64,43,19220,193,43,False
178,123,80,35,10,76,19094,98,88,True
199,109,26,17,144,43,21249,173,92,True
165,142,30,40,18,53,22230,135,102,False
224,81,96,38,38,3,14496,128,43,True
131,67,92,25,12,13,6477,39,42,False
279,122,28,15,55,13,33618,251,107,True
126,56,44,50,41,3,4856,82,6,True
280,88,91,11,83,24,23639,189,77,False
193,99,29,46,27,19,17773,164,53,False
257,125,95,15,11,7,30700,162,110,False
273,90,83,33,153,33,21831,190,57,True
293,124,71,48,166,21,32924,222,76,True
196,84,31,30,19,28,15534,165,54,False
261,116,38,33,69,58,29022,223,83,False
246,149,43,26,13,19,35536,203,123,False
288,148,20,33,134,31,41964,268,115,True
269,142,45,39,125,12,36443,224,103,False
258,132,34,46,197,63,32492,224,86,True
103,64,98,42,3,6,2476,5,22,False
110,63,73,42,17,5,3864,37,21,False
175,90,38,43,45,19,14116,137,47,True
221,60,80,40,71,8,10060,141,20,False
164,56,31,11,130,39,8843,133,45,True
181,70,76,22,27,9,10998,105,48,True
178,64,62,35,71,25,9222,116,29,False
247,140,72,37,46,47,31916,175,103,False
264,135,83,45,76,46,31905,181,90,False
176,69,68,10,69,25,11464,108,59,True
284,118,95,16,158,95,31992,189,102,False
231,110,32,16,96,59,24898,199,94,False
202,129,22,50,102,71,24958,180,79,False
204,60,44,17,149,7,11492,160,43,True
300,54,100,24,160,26,13800,200,30,False
123,77,90,36,5,30,6231,33,41,True
144,101,23,37,7,42,13693,121,64,True
183,105,93,17,35,81,17634,90,88,False
256,107,89,46,11,6,23298,167,61,False
221,69,74,35,13,1,12659,147,34,False
149,85,32,41,14,11,11353,117,44,True
166,77,73,11,23,28,11979,93,66,False
179,97,35,40,63,52,15963,144,57,False
215,123,25,24,33,11,25845,190,99,False
281,96,54,32,102,41,25248,227,64,True
243,82,89,45,79,25,15921,154,37,False
210,132,24,30,69,64,27000,186,102,False
184,102,23,38,114,49,17894,161,64,False
134,85,82,27,52,4,9176,52,58,True
223,82,76,22,71,43,16614,147,60,True
184,134,72,45,59,4,21416,112,89,False
281,119,53,15,35,55,32644,228,104,True
148,81,82,42,15,5,8544,66,39,True
165,56,79,50,80,2,5290,86,6,False
218,100,62,43,60,35,19134,156,57,False
190,54,31,49,156,4,8741,159,5,False
182,52,52,35,87,12,7644,130,17,True
239,117,79,17,15,56,26620,160,100,False
236,61,56,33,38,6,12548,180,28,False
171,71,80,21,41,45,10461,91,50,True
117,133,85,43,16,15,11906,32,90,False
265,108,82,17,160,68,27226,183,91,False
161,120,78,27,58,79,17214,83,93,False
284,121,46,20,110,17,33444,238,101,False
278,99,96,47,50,19,23010,182,52,False
148,146,65,43,67,103,18813,83,103,False
169,94,33,32,106,47,14830,136,62,True
279,86,31,35,241,17,22909,248,51,True
266,138,100,49,130,5,31808,166,89,False
185,146,78,33,1,1,24436,107,113,False
250,144,88,30,161,102,33360,162,114,True
295,59,79,12,191,1,16457,216,47,True
128,122,82,23,27,73,13730,46,99,True
167,146,51,15,54,52,23617,116,131,True
163,92,81,12,27,59,14024,82,80,False
193,57,46,21,53,35,10035,147,36,True
177,108,86,34,88,22,16192,91,74,True
193,146,54,21,123,18,27044,139,125,True
282,74,51,44,102,19,18624,231,30,True
173,132,32,37,59,79,21652,141,95,False
226,55,21,39,41,6,11611,205,16,False
173,127,67,27,61,75,20162,106,100,True
171,111,74,40,90,23,16021,97,71,False
131,66,20,48,38,17,7686,111,18,True
291,50,42,49,1,1,12492,249,1,True
122,64,49,23,35,7,6681,73,41,False
271,150,89,49,126,20,36289,182,101,False
141,54,91,17,18,33,6067,50,37,True
276,133,50,20,8,16,35708,226,113,True
294,99,100,45,68,35,24606,194,54,True
281,105,20,17,208,87,29165,261,88,True
156,66,67,50,36,8,6946,89,16,True
104,143,39,27,21,74,13819,65,116,False
182,113,35,18,48,31,19936,147,95,True
228,69,91,16,34,1,14276,137,53,False
155,121,77,39,17,21,15752,78,82,False
102,76,25,38,6,26,6802,77,38,False
224,62,85,50,13,10,9638,139,12,True
112,134,81,32,17,46,12416,31,102,False
141,109,41,39,99,12,13770,100,70,False
199,124,42,34,72,87,23248,157,90,True
228,140,75,23,132,51,30195,153,117,False
218,87,31,48,24,34,17478,187,39,True
105,141,28,38,65,93,13741,77,103,True
145,86,87,16,55,21,11078,58,70,False
189,86,49,23,95,14,15127,140,63,False
197,108,47,45,98,20,19161,150,63,True
176,79,42,39,133,15,12266,134,40,True
273,112,52,28,3,56,29120,221,84,True
207,135,30,46,150,15,26565,177,89,False
263,63,89,21,1,26,14700,174,42,False
150,56,35,18,9,5,7770,115,38,True
205,100,62,38,98,19,18144,143,62,True
169,87,29,36,84,13,13659,140,51,True
103,80,28,26,71,36,7512,75,54,True
197,147,37,37,142,75,27590,160,110,False
248,89,36,45,46,13,20452,212,44,True
232,134,58,45,38,60,28478,174,89,False
113,72,73,42,33,23,5070,40,30,True
175,127,99,29,41,41,19354,76,98,True
135,83,50,27,12,19,9855,85,56,True
144,93,39,33,6,2,12105,105,60,True
112,133,71,13,5,6,13973,41,120,True
165,70,94,13,29,16,10328,71,57,False
224,84,98,21,67,41,16758,126,63,True
106,73,29,36,53,19,6694,77,37,False
282,50,92,20,60,27,12260,190,30,True
286,85,23,19,124,29,23873,263,66,False
132,107,50,31,28,12,12574,82,76,False
135,109,41,12,20,85,14223,94,97,False
156,116,60,18,80,59,17016,96,98,True
293,63,72,43,165,8,15363,221,20,False
249,145,78,27,26,79,33999,171,118,True
242,120,34,18,177,51,28428,208,102,False
175,123,50,38,35,55,19625,125,85,True
159,141,41,20,4,64,21599,118,121,False
256,134,65,24,35,9,32744,191,110,False
219,113,98,20,101,34,22787,121,93,False
185,67,74,36,58,14,9731,111,31,False
163,130,20,16,99,38,20870,143,114,True
270,128,93,48,71,24,30096,177,80,False
297,78,84,24,21,14,21150,213,54,False
286,101,76,41,28,31,25770,210,60,True
188,103,34,31,105,69,18310,154,72,False
133,52,81,38,12,5,3838,52,14,True
210,103,88,49,65,1,17318,122,54,False
112,123,82,40,1,8,10496,30,83,False
199,124,76,49,113,15,20952,123,75,True
212,95,99,10,18,32,19150,113,85,False
132,85,71,28,50,46,9232,61,57,True
126,115,30,14,91,13,14070,96,101,True
108,143,20,41,72,74,14624,88,102,True
164,89,31,22,9,59,13914,133,67,True
103,150,84,36,13,46,12426,19,114,False
222,69,80,38,34,15,12278,142,31,True
102,110,29,11,46,8,10901,73,99,False
194,115,47,17,127,35,21511,147,98,True
249,94,63,40,127,27,20886,186,54,True
283,125,56,34,205,76,33471,227,91,False
134,127,83,50,0,16,12868,51,77,False
225,134,71,13,82,1,29227,154,121,True
279,63,91,45,79,18,13482,188,18,False
269,109,42,27,119,68,28187,227,82,False
220,102,52,49,103,5,19892,168,53,True
184,140,86,44,77,49,21976,98,96,True
257,108,47,10,45,57,27286,210,98,True
283,136,67,10,165,92,37818,216,126,True
116,123,73,22,30,94,12662,43,101,False
153,142,33,23,34,93,20967,120,119,True
240,111,93,11,14,46,25617,147,100,True
271,131,70,16,67,79,34381,201,115,True
253,132,80,19,59,57,31876,173,113,False
209,58,27,21,139,31,11555,182,37,False
162,56,57,13,23,36,8331,105,43,False
220,74,41,16,101,29,15624,179,58,False
130,84,88,38,31,27,7576,42,46,True
129,97,43,41,86,32,10750,86,56,True
249,124,33,18,30,66,30282,216,106,True
171,78,22,40,6,23,12458,149,38,True
197,136,72,34,17,77,24344,125,102,False
129,50,94,12,14,5,5322,35,38,True
256,99,51,12,88,25,24732,205,87,False
164,125,86,34,68,58,17576,78,91,False
119,73,68,17,27,9,7531,51,56,False
238,138,97,48,27,56,28188,141,90,False
215,121,28,17,182,57,25539,187,104,True
142,135,54,44,11,77,16794,88,91,False
264,143,33,32,132,81,36696,231,111,True
172,111,89,22,40,76,17134,83,89,True
188,99,28,48,135,43,17268,160,51,True
222,137,92,21,65,82,28482,130,116,False
247,74,34,30,78,34,17258,213,44,False
114,80,29,50,49,15,7670,85,30,True
290,75,71,32,218,43,19478,219,43,True
115,69,38,35,15,15,6605,77,34,False
180,137,87,38,8,69,21354,93,99,False
266,145,96,42,161,83,34538,170,103,False
120,96,77,49,40,28,7747,43,47,True
263,54,23,17,26,25,13811,240,37,True
214,78,62,44,21,13,13964,152,34,True
128,120,56,19,39,13,14296,72,101,True
162,110,20,48,76,56,16860,142,62,False
116,71,46,45,56,10,6166,70,26,False
275,140,63,16,77,108,37492,212,124,False
138,107,76,20,11,79,13246,62,87,False
294,76,100,36,170,2,18744,194,40,False
245,80,38,21,176,44,18802,207,59,False
187,108,41,49,88,18,18187,146,59,False
208,74,95,49,47,2,10737,113,25,True
168,112,55,49,19,49,16121,113,63,True
145,122,94,16,20,95,16186,51,106,False
100,52,99,22,0,3,3022,1,30,True
198,136,59,33,29,2,24981,139,103,False
228,91,54,41,70,26,18534,174,50,True
111,65,49,14,8,39,6529,62,51,True
114,50,29,26,28,18,4946,85,24,False
160,57,100,31,46,23,6020,60,26,True
285,132,68,23,14,0,36056,217,109,False
277,132,37,15,236,93,36009,240,117,True
173,60,85,29,62,14,7915,88,31,True
274,62,28,11,222,48,16680,246,51,True
100,122,34,32,7,51,11112,66,90,True
233,125,46,19,177,105,28251,187,106,True
299,116,97,17,141,74,33035,202,99,False
210,76,73,46,38,26,12602,137,30,False
255,96,36,43,181,36,22932,219,53,False
217,146,84,37,42,75,28574,133,109,True
168,99,62,14,28,66,15764,106,85,True
133,131,46,26,69,35,16227,87,105,False
291,62,51,42,189,15,15900,240,20,False
300,149,20,10,97,106,44500,280,139,True
120,148,26,31,2,21,16954,94,117,True
244,67,21,48,109,12,15340,223,19,True
229,132,50,22,90,30,29128,179,110,False
109,80,74,21,33,20,7166,35,59,False
185,106,92,21,12,84,17678,93,85,True
248,52,64,47,27,4,9888,184,5,False
180,72,60,41,100,9,10500,120,31,True
194,61,67,35,40,23,9489,127,26,False
287,146,24,44,136,90,40846,263,102,False
270,146,28,38,170,83,38356,242,108,True
154,72,37,25,83,42,10163,117,47,True
182,124,31,48,36,48,21080,151,76,True
219,53,37,43,36,1,10016,182,10,False
225,124,38,27,86,21,26874,187,97,False
210,89,81,36,103,24,15774,129,53,False
100,92,36,41,10,31,7724,64,51,True
101,60,82,33,0,5,3354,19,27,False
280,83,95,12,53,60,22100,185,71,True
108,63,26,19,71,29,6310,82,44,True
181,128,41,39,77,86,21569,140,89,True
155,124,94,50,24,6,14520,61,74,False
217,91,25,25,121,34,19122,192,66,False
144,87,52,23,35,51,11332,92,64,True
287,137,57,22,113,43,38065,230,115,False
232,114,68,28,32,85,24544,164,86,True
181,66,86,11,9,29,11000,95,55,False
244,114,96,41,46,52,23880,148,73,True
109,87,21,46,49,34,8517,88,41,True
102,75,66,25,23,13,6000,36,50,False
220,105,58,49,106,48,20258,162,56,False
194,145,29,30,154,104,27260,165,115,False
164,137,78,27,56,38,20362,86,110,True
263,96,62,23,29,2,23822,201,73,False
203,119,64,16,28,0,23133,139,103,True
284,101,53,48,86,22,26140,231,53,False
166,141,61,21,91,66,22125,105,120,True
182,67,82,36,34,22,9242,100,31,False
116,80,45,25,45,46,8155,71,55,False
216,111,86,44,55,31,20192,130,67,True
163,136,98,22,60,57,20012,65,114,True
112,58,44,29,52,2,5220,68,29,False
225,100,47,39,93,43,20667,178,61,True
298,63,30,25,24,6,18024,268,38,True
250,69,72,43,22,7,14154,178,26,True
186,135,63,32,31,8,23094,123,103,False
265,106,37,40,95,43,26610,228,66,False
261,90,67,18,147,11,22284,194,72,True
235,75,86,34,26,4,14701,149,41,False
112,144,28,26,45,42,15400,84,118,True
201,80,65,31,64,2,14065,136,49,False
260,52,54,33,124,9,11738,206,19,True
241,148,70,25,93,104,33918,171,123,False
206,57,82,49,7,3,7724,124,8,True
294,66,56,28,59,3,17836,238,38,True
293,87,91,23,41,18,23398,202,64,False
223,122,22,14,168,7,26898,201,108,True
152,68,55,46,17,10,7806,97,22,True
166,146,98,13,50,45,22962,68,133,False
134,149,36,13,38,127,19498,98,136,True
281,135,71,11,140,108,37154,210,124,True
110,135,20,35,5,36,14150,90,100,False
104,113,29,10,31,70,11462,75,103,False
196,69,33,19,32,27,12897,163,50,False
244,82,34,12,71,1,19600,210,70,False
282,147,42,31,16,100,40152,240,116,True
280,55,21,24,131,1,14896,259,31,False
275,83,43,14,74,20,22223,232,69,False
226,95,32,36,168,35,20318,194,59,False
274,96,85,48,101,40,22224,189,48,True
291,98,99,12,2,74,27330,192,86,True
282,121,40,35,167,75,32722,242,86,False
272,126,45,40,81,26,32472,227,86,False
143,120,56,11,30,21,16544,87,109,False
165,126,28,28,83,30,20006,137,98,False
107,114,25,37,3,38,11273,82,77,True
241,100,35,37,150,28,22805,206,63,False
105,134,43,19,7,105,13253,62,115,True
129,140,94,49,5,89,13454,35,91,True
101,142,78,26,9,31,12314,23,116,True
146,109,59,50,82,8,12964,87,59,True
123,133,51,41,61,51,14268,72,92,False
273,79,65,26,105,38,19877,208,53,False
240,74,48,38,50,32,15936,192,36,False
214,104,81,22,131,25,20474,133,82,True
111,96,69,27,20,58,8793,42,69,True
260,67,21,13,157,10,17147,239,54,False
271,97,89,14,28,47,25041,182,83,False
223,77,97,35,43,27,13776,126,42,True
177,79,97,10,3,67,13013,80,69,False
134,67,55,11,5,30,8373,79,56,False
219,77,66,12,77,63,16071,153,65,False
185,117,45,34,51,61,20115,140,83,True
124,137,70,38,28,79,14328,54,99,True
204,83,71,13,31,6,16009,133,70,False
174,67,72,45,1,5,8418,102,22,False
131,77,35,13,60,37,9632,96,64,True
298,129,63,29,172,55,36615,235,100,True
284,127,31,41,63,76,34797,253,86,True
109,131,76,32,3,76,11847,33,99,False
211,128,55,32,45,44,25248,156,96,False
162,84,41,48,110,0,11640,121,36,False
225,113,77,38,129,70,22499,148,75,False
159,74,30,50,116,18,10266,129,24,False
172,145,20,10,18,110,24740,152,135,True
117,85,45,46,4,18,7875,72,39,True
287,150,35,35,82,49,41825,252,115,True
193,74,21,32,35,40,13610,172,42,False
249,90,79,43,131,15,19013,170,47,True
260,117,61,34,199,19,28346,199,83,False
193,132,52,27,138,80,24072,141,105,False
157,120,54,37,71,35,16842,103,83,True
284,117,94,12,45,90,32100,190,105,True
199,92,36,47,99,19,16616,163,45,False
163,144,92,36,5,64,20160,71,108,False
185,114,23,12,65,90,20814,162,102,False
224,131,95,39,35,44,25639,129,92,True
149,109,32,23,90,28,15505,117,86,False
207,58,46,47,11,7,9844,161,11,False
279,143,80,34,15,78,37177,199,109,True
189,142,71,21,82,89,25347,118,121,False
151,92,24,25,119,46,13292,127,67,False
147,79,53,13,2,66,10924,94,66,True
140,113,26,26,64,40,15144,114,87,False
222,61,28,15,72,23,13122,194,46,False
135,146,61,33,15,12,17697,74,113,True
280,79,43,44,173,13,20228,237,35,False
261,130,69,45,18,48,30825,192,85,True
159,150,49,24,79,46,22674,110,126,True
298,124,94,34,100,51,33756,204,90,True
143,105,74,18,30,1,13683,69,87,False
294,65,58,24,119,2,17718,236,41,False
141,52,100,34,10,3,3932,41,18,True
105,106,63,41,30,32,8547,42,65,True
267,124,52,12,131,96,32484,215,112,False
218,77,78,19,91,18,15304,140,58,False
224,128,30,35,103,0,27622,194,93,True
148,97,84,30,58,50,11836,64,67,True
244,63,67,29,150,25,13429,177,34,False
283,114,62,20,41,82,31022,221,94,False
191,145,76,23,77,0,25947,115,122,True
243,118,62,47,50,43,25760,181,71,False
100,119,95,10,1,81,10950,5,109,False
184,104,89,14,20,18,17890,95,90,False
126,67,83,16,4,35,7114,43,51,True
195,92,27,22,119,65,17346,168,70,True
109,64,65,22,10,6,5546,44,42,True
289,85,99,18,133,63,22783,190,67,False
211,144,72,35,39,41,27864,139,109,True
237,142,87,11,104,82,32697,150,131,True
231,96,92,22,28,24,20152,139,74,True
105,68,74,32,5,24,4772,31,36,False
169,133,98,19,15,93,20615,71,114,False
218,59,70,40,135,15,10062,148,19,True
215,124,55,45,48,64,24185,160,79,True
293,144,31,29,75,68,41293,262,115,False
113,132,88,39,1,58,11484,25,93,True
282,91,32,29,19,38,24734,250,62,True
135,58,33,20,85,34,7170,102,38,True
150,148,30,36,14,81,21120,120,112,True
263,90,91,36,138,19,20394,172,54,True
144,77,78,36,18,20,8280,66,41,True
179,58,48,43,123,2,8318,131,15,True
121,81,43,10,41,60,9371,78,71,True
264,57,58,10,132,10,14468,206,47,True
176,60,60,30,82,23,8760,116,30,False
215,96,55,32,127,43,18880,160,64,False
215,128,38,49,154,29,25658,177,79,True
103,140,81,38,0,86,11342,22,102,True
286,150,71,48,110,65,39492,215,102,True
188,147,26,13,98,119,27298,162,134,True
270,73,97,37,37,6,16121,173,36,True
294,123,63,42,184,36,33516,231,81,True
194,100,61,19,67,14,18241,133,81,False
213,104,72,33,6,24,19776,141,71,True
173,139,26,26,4,49,23371,147,113,True
205,119,52,29,111,8,22887,153,90,True
125,109,53,10,53,91,13095,72,99,False
202,86,25,42,13,41,16322,177,44,True
124,150,60,30,30,30,16800,64,120,False
114,73,100,47,4,5,3622,14,26,True
299,83,82,10,166,73,23997,217,73,False
224,50,52,16,60,24,10368,172,34,False
104,119,55,45,11,9,9901,49,74,False
234,53,100,13,67,8,11102,134,40,False
235,142,76,15,55,35,32230,159,127,False
110,150,46,30,14,4,15120,64,120,True
235,69,87,22,9,16,14301,148,47,True
188,60,22,20,115,23,10840,166,40,True
178,75,50,42,4,23,11250,128,33,False
117,74,84,27,14,43,6390,33,47,True
291,119,24,33,44,78,33837,267,86,False
260,53,81,12,112,25,12808,179,41,True
225,66,58,43,17,9,12356,167,23,False
179,85,21,50,147,3,14165,158,35,False
146,125,28,50,29,16,16850,118,75,True
200,143,70,33,20,36,26290,130,110,False
153,95,59,15,65,13,13650,94,80,True
121,135,38,10,46,80,15955,83,125,False
267,89,25,23,70,26,23188,242,66,False
139,60,45,21,33,23,7395,94,39,True
220,85,65,45,112,3,15775,155,40,False
118,135,96,35,1,74,12570,22,100,False
145,143,49,45,49,21,18530,96,98,False
220,139,71,40,4,81,27740,149,99,True
237,57,44,26,167,31,12365,193,31,False
147,128,67,32,45,27,16672,80,96,False
151,109,45,46,7,50,14389,106,63,False
100,87,68,44,22,18,5708,32,43,True
217,80,51,48,88,19,14912,166,32,True
118,131,87,12,2,76,14414,31,119,True
206,68,29,44,50,6,12732,177,24,False
124,111,24,28,61,68,13092,100,83,False
240,124,79,36,28,40,26916,161,88,True
228,128,76,17,1,31,27892,152,111,False
191,118,27,28,130,88,21782,164,90,False
166,109,56,50,34,42,15294,110,59,False
154,149,50,38,58,37,21046,104,111,True
147,133,26,41,7,49,18485,121,92,True
291,81,48,11,134,22,23043,243,70,True
130,129,87,15,23,72,15465,43,114,True
172,100,54,37,10,7,15202,118,63,False
217,88,46,33,57,37,17578,171,55,True
113,145,68,19,21,21,15093,45,126,True
120,118,63,35,48,43,11955,57,83,True
239,60,44,26,93,10,13196,195,34,False
160,80,31,16,84,43,12304,129,64,True
285,132,97,27,79,22,35001,188,105,False
256,92,88,11,33,63,22584,168,81,False
121,95,96,29,3,21,8711,25,66,True
294,107,100,50,100,8,26458,194,57,True
199,90,35,40,128,6,16510,164,50,False
143,112,91,39,30,64,12467,52,73,True
268,56,60,27,78,2,13388,208,29,False
156,59,56,22,21,23,7972,100,37,False
182,62,22,45,14,13,10294,160,17,True
241,148,83,19,50,102,34091,158,129,False
243,74,88,44,137,25,14110,155,30,False
197,109,56,30,18,76,19793,141,79,True
209,86,85,28,88,40,15594,124,58,True
116,90,44,25,39,30,9340,72,65,False
247,115,67,40,47,9,25725,180,75,False
197,76,92,26,11,22,12580,105,50,False
176,137,56,12,71,125,23440,120,125,True
101,117,37,43,18,66,10226,64,74,True
243,106,68,21,150,59,24330,175,85,False
281,145,33,14,129,15,40283,248,131,True
277,99,78,16,190,29,26175,199,83,False
162,138,24,30,106,102,21636,138,108,False
100,98,78,23,18,70,8006,22,75,True
217,56,21,48,29,1,11144,196,8,True
106,135,41,27,53,61,13203,65,108,True
251,104,67,32,88,44,23960,184,72,True
104,144,21,16,67,24,14640,83,128,True
180,149,99,45,1,58,22365,81,104,True
260,84,21,17,166,18,21483,239,67,False
280,145,24,17,177,114,40192,256,128,True
152,100,66,46,48,44,12164,86,54,True
283,134,97,10,31,8,36952,186,124,False
259,64,39,44,217,8,14860,220,20,False
129,147,43,20,77,14,18103,86,127,False
100,147,73,48,16,16,11196,27,99,False
198,74,21,28,5,13,14064,177,46,True
212,136,24,46,148,65,27728,188,90,False
139,59,73,22,20,1,6595,66,37,True
152,143,23,15,128,58,21391,129,128,True
278,84,76,12,67,13,22440,202,72,False
168,68,24,33,51,12,10632,144,35,False
136,103,40,19,82,79,13248,96,84,True
236,77,85,49,41,2,14007,151,28,False
128,93,20,47,11,35,10964,108,46,True
114,97,34,20,76,77,10378,80,77,True
257,59,70,35,119,13,12713,187,24,False
112,63,29,21,81,16,6447,83,42,True
275,79,73,19,163,5,20338,202,60,False
215,124,47,50,131,4,24310,168,74,False
229,76,28,32,161,33,16508,201,44,False
219,93,99,36,1,44,16803,120,57,True
210,99,69,31,113,50,18651,141,68,False
122,123,89,38,23,17,11624,33,85,False
215,147,77,17,9,108,30296,138,130,False
103,88,28,45,54,2,7804,75,43,False
210,52,48,44,158,1,8808,162,8,True
140,55,98,17,17,32,6034,42,38,True
239,105,40,35,109,29,23695,199,70,False
117,148,25,43,73,16,16241,92,105,False
220,64,81,42,46,9,10678,139,22,True
103,119,32,28,34,9,11361,71,91,True
214,73,46,45,61,28,13552,168,28,False
181,116,73,28,105,58,18952,108,88,False
126,104,28,37,2,12,12068,98,67,True
228,110,94,25,100,67,22730,134,85,False
263,60,63,30,77,29,13890,200,30,True
252,114,47,22,90,52,27694,205,92,False
221,60,72,13,82,33,12324,149,47,True
226,65,97,17,92,33,13041,129,48,True
258,130,65,35,3,6,31265,193,95,False
188,118,28,22,4,88,21568,160,96,True
217,125,41,49,73,1,25116,176,76,False
105,52,66,20,16,27,4140,39,32,True
295,146,27,27,251,44,42341,268,119,True
282,69,43,33,133,25,18039,239,36,False
147,66,73,48,46,9,6198,74,18,False
152,123,75,14,47,12,17646,77,109,True
224,102,40,27,62,1,21768,184,75,False
200,95,93,41,69,32,15187,107,54,False
222,140,62,50,11,10,27980,160,90,True
206,84,20,45,37,14,16404,186,39,True
131,77,82,12,23,23,9103,49,65,True
271,51,82,19,78,11,12263,189,32,True
116,87,31,20,56,5,9472,85,67,True
234,98,50,35,111,34,21182,184,63,False
251,90,23,19,119,6,22153,228,71,False
131,101,45,12,11,0,12691,86,89,True
127,65,65,14,50,27,7345,62,51,False
244,77,62,49,62,21,15750,182,28,True
151,69,72,48,56,15,6963,79,21,False
121,149,41,11,18,34,17578,80,138,False
234,135,100,37,5,54,27890,134,98,True
261,105,51,27,72,55,26028,210,78,False
216,124,65,49,134,68,23599,151,75,True
190,125,26,38,57,70,22762,164,87,True
267,139,36,10,40,65,36753,231,129,False
222,67,26,37,181,8,13912,196,30,False
129,59,77,50,17,3,3761,52,9,False
186,68,59,24,78,38,11232,127,44,False
124,92,87,28,13,15,8972,37,64,False
285,81,31,18,125,35,22527,254,63,False
185,120,95,15,72,66,20775,90,105,True
249,84,32,16,142,61,20404,217,68,True
118,76,38,21,36,24,8170,80,55,False
135,133,74,45,41,35,14625,61,88,False
276,95,47,42,12,21,24246,229,53,False
260,72,76,32,180,11,16288,184,40,False
128,72,72,36,8,12,6624,56,36,False
193,127,26,40,45,32,23471,167,87,False
152,119,90,32,44,56,15208,62,87,True
220,92,48,44,89,42,18128,172,48,True
103,70,94,42,4,27,3262,9,28,False
222,108,23,29,3,59,23309,199,79,True
256,90,85,50,112,24,18790,171,40,True
108,133,45,47,54,84,12249,63,86,False
179,137,46,17,8,24,23741,133,120,True
223,140,74,43,7,48,28038,149,97,True
211,89,45,10,93,39,18329,166,79,True
297,62,24,12,151,39,18126,273,50,True
153,106,76,29,12,33,14014,77,77,False
189,90,96,24,53,40,14706,93,66,False
249,115,59,24,32,48,27219,190,91,False
300,135,79,15,37,108,39315,221,120,False
138,110,94,49,36,10,10574,44,61,False
132,103,56,40,1,58,11356,76,63,False
262,98,26,14,121,69,25312,236,84,False
224,99,49,50,108,10,19726,175,49,True
212,133,85,19,44,18,26581,127,114,False
168,138,68,33,76,77,20940,100,105,False
256,147,64,37,190,1,35264,192,110,False
164,69,93,41,44,19,7503,71,28,True
296,136,65,10,17,56,39606,231,126,True
225,95,20,48,48,19,20415,205,47,False
231,144,37,47,146,37,31525,194,97,False
116,52,70,37,25,11,3442,46,15,False
139,117,95,38,16,11,12653,44,79,True
124,135,24,45,28,72,15660,100,90,False
210,69,59,24,99,0,13074,151,45,False
243,139,64,27,158,26,32049,179,112,False
222,135,42,28,158,101,28794,180,107,False
251,137,58,39,146,59,32125,193,98,False
197,103,49,33,109,27,18674,148,70,True
264,141,46,33,29,75,35706,218,108,False
172,79,33,15,124,39,13093,139,64,True
159,95,93,11,30,1,14082,66,84,False
182,120,42,17,107,95,21126,140,103,True
156,85,98,36,44,23,9732,58,49,True
152,72,57,17,63,20,9975,95,55,True
131,142,92,46,3,57,14370,39,96,False
188,77,70,36,44,14,11956,118,41,False
247,106,71,43,117,8,23129,176,63,True
236,109,27,33,85,61,24833,209,76,True
298,61,30,38,2,20,17038,268,23,False
258,93,65,44,22,48,21134,193,49,False
235,150,23,24,183,8,34698,212,126,True
273,122,48,29,84,21,31914,225,93,False
294,82,34,31,125,36,23054,260,51,False
182,62,32,38,38,18,10068,150,24,True
219,86,58,15,104,30,17964,161,71,True
105,70,89,47,11,19,3167,16,23,False
300,83,96,38,129,38,21252,204,45,True
223,135,96,45,108,11,25785,127,90,False
151,94,31,16,115,51,13698,120,78,False
190,62,66,39,48,17,9206,124,23,True
111,120,75,24,34,36,11520,36,96,False
279,122,33,11,129,49,33675,246,111,True
241,121,29,43,107,59,27914,212,78,False
148,143,72,33,6,72,18788,76,110,False
185,72,51,40,60,7,11280,134,32,True
273,71,86,19,171,43,17749,187,52,False
243,144,67,14,165,36,34054,176,130,False
144,54,24,26,2,5,7152,120,28,True
120,73,77,22,19,27,7066,43,51,False
142,52,49,12,75,39,6796,93,40,True
152,57,45,48,88,7,6504,107,9,True
211,85,68,20,66,31,16575,143,65,False
247,63,35,48,64,14,13881,212,15,False
274,67,40,36,196,24,16918,234,31,False
288,86,30,16,103,1,24288,258,70,False
299,106,38,27,140,34,30668,261,79,True
290,120,42,26,241,15,33708,248,94,False
175,143,49,27,10,104,23702,126,116,False
152,79,70,32,12,22,9768,82,47,True
240,127,53,34,178,60,28678,187,93,False
300,72,56,45,12,15,19080,244,27,False
156,92,70,15,62,17,13302,86,77,False
265,141,65,48,37,18,34245,200,93,False
115,109,57,22,46,38,11281,58,87,True
101,52,48,17,36,35,4436,53,35,True
239,128,58,30,83,53,28852,181,98,True
192,85,61,34,87,43,14246,131,51,False
126,98,48,13,59,30,11724,78,85,True
166,55,77,22,7,7,7436,89,33,False
129,90,41,12,82,69,11118,88,78,False
174,146,42,25,52,20,24354,132,121,True
281,78,89,34,107,36,18892,192,44,True
158,145,48,19,65,91,21998,110,126,False
170,105,71,27,0,29,15933,99,78,False
167,78,88,38,32,19,9682,79,40,False
254,90,90,19,38,25,21150,164,71,False
115,115,66,16,11,6,12169,49,99,True
111,143,71,50,34,54,12323,40,93,False
227,117,87,33,31,10,23688,140,84,False
112,135,52,15,18,26,14340,60,120,False
293,95,74,22,159,40,26207,219,73,False
144,83,63,50,53,8,8802,81,33,False
208,131,65,28,12,57,25428,143,103,True
252,129,98,47,144,18,27902,154,82,False
273,51,27,10,21,10,13653,246,41,False
259,140,49,48,0,75,33908,210,92,False
177,146,63,15,22,14,24897,114,131,True
160,75,40,16,5,8,11360,120,59,True
172,116,90,38,4,6,16532,82,78,False
291,136,27,26,50,58,38874,264,110,True
249,140,39,23,34,113,33963,210,117,True
137,144,49,10,64,115,19238,88,134,False
168,72,36,18,108,5,11448,132,54,False
273,95,40,15,16,6,25335,233,80,True
294,128,23,48,70,28,36528,271,80,True
287,142,72,44,147,22,37586,215,98,True
269,142,79,30,25,107,35828,190,112,False
169,54,26,10,21,29,8866,143,44,False
226,91,80,50,44,9,16566,146,41,True
114,87,97,30,7,8,7008,17,57,False
104,52,31,11,38,15,5067,73,41,True
105,84,91,41,9,27,5089,14,43,True
294,61,79,42,161,11,14616,215,19,True
252,129,27,21,170,28,31941,225,108,False
289,117,72,19,198,42,32445,217,98,True
297,122,21,48,259,47,35226,276,74,True
142,130,93,13,25,83,17251,49,117,False
180,54,98,12,4,28,8544,82,42,True
243,130,48,42,10,66,29574,195,88,True
180,142,94,20,42,111,23680,86,122,True
209,88,65,37,109,20,15987,144,51,False
107,86,23,50,12,10,8052,84,36,False
105,128,80,38,6,58,10400,25,90,True
276,132,99,41,144,68,32373,177,91,False
225,82,77,13,44,15,17449,148,69,False
227,135,66,36,83,3,28269,161,99,True
109,106,44,33,3,34,10102,65,73,False
274,142,70,13,55,17,37998,204,129,True
207,92,55,24,9,17,17724,152,68,True
115,120,63,49,12,11,10713,52,71,False
192,54,26,11,100,23,10082,166,43,True
155,50,100,48,26,1,2950,55,2,True
169,117,52,17,69,77,18889,117,100,False
294,127,52,13,179,110,36662,242,114,False
228,114,92,36,114,68,22680,136,78,True
141,78,37,23,39,12,10147,104,55,False
168,148,78,40,29,23,21744,90,108,False
116,62,95,24,12,10,4912,21,38,False
187,93,94,49,46,12,12785,93,44,True
244,90,57,13,142,12,21219,187,77,False
275,99,20,18,47,7,26865,255,81,False
185,52,27,40,76,7,8540,158,12,False
268,68,63,30,99,7,16334,205,38,True
237,63,38,26,53,32,13943,199,37,True
249,110,87,26,92,49,25128,162,84,False
251,99,96,29,128,62,22065,155,70,False
142,68,27,17,52,29,9197,115,51,False
294,61,84,47,179,9,13986,210,14,True
151,105,77,17,18,66,14546,74,88,False
198,63,73,15,62,47,11379,125,48,False
174,111,93,29,18,33,16617,81,82,False
154,75,20,27,7,13,11010,134,48,True
136,97,88,45,31,17,9232,48,52,True
183,132,63,40,35,1,21636,120,92,True
192,140,49,21,109,99,25851,143,119,True
127,56,81,42,39,6,3710,46,14,False
105,77,67,43,32,2,5204,38,34,False
222,126,69,46,108,30,24798,153,80,False
108,113,30,46,21,4,10824,78,67,True
210,142,31,30,23,38,28890,179,112,True
129,83,33,33,4,9,9618,96,50,False
290,71,51,21,2,41,19519,239,50,False
162,138,43,14,85,65,21754,119,124,True
148,61,41,26,3,13,7962,107,35,True
270,100,66,41,184,26,24294,204,59,False
169,97,30,32,66,23,15433,139,65,False
244,106,89,25,75,24,23639,155,81,True
261,127,82,27,60,23,30933,179,100,False
286,88,43,13,234,33,24609,243,75,True
143,124,96,27,46,88,15140,47,97,True
193,90,58,49,12,2,14528,135,41,True
205,123,23,47,11,7,24134,182,76,False
220,139,62,24,1,113,29092,158,115,False
108,139,81,27,4,19,12825,27,112,False
290,126,85,26,132,18,34330,205,100,False
185,130,41,20,7,85,23230,144,110,True
143,143,32,18,75,42,19873,111,125,True
207,67,80,45,96,15,10269,127,22,False
225,56,83,12,125,1,11604,142,44,False
239,111,25,35,9,48,25654,214,76,True
254,90,45,34,178,20,21330,209,56,False
175,77,95,47,21,8,9010,80,30,True
143,110,56,34,76,39,13826,87,76,False
131,55,37,26,81,10,6243,94,29,True
235,92,59,46,97,45,18906,176,46,True
184,102,31,46,87,3,17342,153,56,True
122,98,47,27,7,69,10687,75,71,False
275,100,94,15,54,69,26090,181,85,True
255,82,49,19,161,36,19979,206,63,False
168,79,71,30,96,2,11142,97,49,False
215,100,77,12,53,32,20576,138,88,True
122,56,67,30,25,15,4822,55,26,True
105,134,58,17,39,38,13084,47,117,False
202,91,56,45,23,19,15862,146,46,True
207,144,93,39,24,12,26181,114,105,False
267,123,52,48,118,66,30345,215,75,False
172,128,95,39,13,63,18311,77,89,False
300,110,71,43,171,58,29947,229,67,False
167,85,86,29,72,21,11701,81,56,True
130,116,73,42,17,60,12014,57,74,False
103,115,44,49,43,28,9689,59,66,False
111,120,93,25,3,91,10995,18,95,True
140,118,36,39,10,1,15116,104,79,True
101,77,36,42,28,30,6265,65,35,True
122,147,78,22,20,125,16218,44,125,False
209,132,67,19,66,28,26315,142,113,True
186,53,33,16,139,36,9330,153,37,True
123,139,93,28,28,37,14493,30,111,True
256,68,66,23,97,26,15890,190,45,False
204,70,34,36,137,19,13056,170,34,True
185,146,34,26,146,84,26126,151,120,False
289,77,20,35,238,13,21553,269,42,True
201,122,77,15,87,85,23367,124,107,True
121,77,46,40,2,24,7477,75,37,True
144,53,22,41,29,4,6730,122,12,False
265,115,80,32,121,57,27915,185,83,False
240,93,78,29,155,30,20058,162,64,True
220,132,34,37,180,14,27782,186,95,True
133,97,62,40,28,3,10421,71,57,True
173,116,70,39,62,26,17338,103,77,True
198,62,80,38,69,19,9236,118,24,True
189,117,42,12,44,100,21609,147,105,False
283,108,43,46,12,16,28586,240,62,False
205,125,42,30,18,12,24365,163,95,False
126,85,37,47,6,32,8971,89,38,True
154,110,29,14,119,43,16534,125,96,True
255,64,80,50,100,4,12320,175,14,False
215,148,20,24,26,103,31340,195,124,True
130,74,43,40,27,9,7900,87,34,False
249,113,94,21,59,23,26163,155,92,False
261,128,44,50,56,5,31208,217,78,True
112,117,45,49,5,24,10899,67,68,False
179,117,23,33,57,61,20184,156,84,True
104,113,21,22,1,65,11290,83,91,False
233,90,93,47,84,35,16599,140,43,True
152,60,33,42,83,12,7734,119,18,False
202,128,47,40,4,69,23976,155,88,True
261,124,81,36,114,37,29448,180,88,True
230,130,77,43,125,83,26589,153,87,False
282,83,37,44,170,21,21778,245,39,False
225,93,33,35,33,20,19770,192,58,False
102,110,42,11,2,42,10758,60,99,True
211,128,64,23,75,33,25536,147,105,False
274,84,56,20,39,51,21896,218,64,True
114,63,87,37,21,19,3963,27,26,False
165,104,61,17,96,60,16123,104,87,True
143,81,49,49,58,28,9182,94,32,True
114,138,74,44,26,23,12476,40,94,False
110,94,62,27,46,9,8666,48,67,False
184,96,62,50,40,39,14564,122,46,True
262,145,78,24,37,76,36118,184,121,False
187,127,41,38,37,0,22191,146,89,True
168,53,79,38,81,6,5902,89,15,False
299,102,91,41,76,22,26767,208,61,False
221,114,80,46,68,4,21514,141,68,True
128,135,48,19,30,48,16368,80,116,False
298,95,29,18,73,36,27788,269,77,False
142,69,40,47,53,15,7918,102,22,True
111,69,35,19,52,41,6994,76,50,True
175,140,72,16,55,117,23348,103,124,False
194,90,75,44,25,3,14160,119,46,False
243,81,54,47,62,5,17145,189,34,False
169,125,90,50,47,37,16625,79,75,False
101,91,23,36,18,6,8363,78,55,False
171,77,27,50,70,8,11817,144,27,True
272,121,25,48,198,49,31712,247,73,True
115,108,77,47,33,26,8801,38,61,False
191,104,44,45,66,56,17884,147,59,True
185,105,61,39,55,8,17046,124,66,True
157,105,33,10,117,57,16155,124,95,False
163,133,53,42,63,40,19453,110,91,True
221,60,29,48,58,12,11868,192,12,True
195,113,24,22,71,18,21507,171,91,True
267,95,22,49,75,29,24287,245,46,True
178,59,28,31,120,11,9634,150,28,True
205,62,43,33,27,15,11291,162,29,False
177,139,85,31,63,72,21968,92,108,False
217,106,87,32,106,63,20218,130,74,True
184,146,64,42,87,26,24176,120,104,True
273,136,81,27,59,67,34941,192,109,True
241,85,90,40,69,27,16885,151,45,False
165,107,92,50,21,41,13055,73,57,True
199,76,93,26,28,16,12706,106,50,True
106,106,33,28,29,73,10312,73,78,True
282,69,74,22,97,15,17830,208,47,False
198,135,91,43,88,21,22817,107,92,True
201,81,23,33,31,9,15522,178,48,True
155,73,66,39,37,17,8741,89,34,False
101,107,76,28,15,74,8679,25,79,True
279,58,24,45,90,5,15102,255,13,True
279,116,95,42,69,27,28374,184,74,False
262,141,42,11,201,16,36480,220,130,False
200,56,46,35,147,4,9590,154,21,False
172,148,45,14,83,101,24826,127,134,False
262,79,91,18,0,43,19060,171,61,True
278,77,89,49,81,3,17045,189,28,False
127,132,73,12,11,118,15888,54,120,True
110,64,99,47,8,15,2387,11,17,True
115,122,90,47,8,34,9800,25,75,False
237,146,86,18,130,76,33054,151,128,True
221,62,21,48,149,14,12694,200,14,True
104,77,90,47,14,25,3778,14,30,True
196,128,62,20,133,40,23848,134,108,True
193,148,90,24,56,42,26404,103,124,False
102,143,47,25,28,3,13411,55,118,True
238,89,91,41,55,34,17451,147,48,True
168,133,77,19,60,60,20881,91,114,True
183,51,79,44,82,5,5857,104,7,True
265,55,48,42,137,13,12559,217,13,False
125,136,65,43,51,0,14205,60,93,False
229,140,89,47,123,31,27877,140,93,True
132,97,71,47,33,33,9467,61,50,True
135,143,89,21,24,87,17436,46,122,True
118,143,63,44,19,93,14102,55,99,True
118,115,58,33,8,38,11656,60,82,False
111,149,97,44,7,27,12271,14,105,False
258,122,65,33,116,55,29331,193,89,True
291,123,85,27,4,20,33498,206,96,True
100,74,54,25,26,4,6050,46,49,False
194,133,29,39,102,43,24671,165,94,False
294,128,64,32,159,89,35584,230,96,False
161,135,34,27,51,63,20817,127,108,False
261,77,47,42,193,5,18123,214,35,True
131,124,74,21,54,97,14690,57,103,True
233,82,68,15,23,34,18086,165,67,False
167,71,49,13,76,56,11220,118,58,True
258,67,22,29,11,28,16648,236,38,False
164,84,92,43,13,38,9820,72,41,True
176,94,92,24,0,25,14336,84,70,True
292,119,94,16,17,55,33244,198,103,False
172,87,69,31,73,34,12825,103,56,True
270,138,48,32,174,31,35724,222,106,False
134,100,75,38,50,44,10550,59,62,True
233,75,36,29,55,27,16431,197,46,True
257,133,41,46,165,87,32295,216,87,True
135,55,45,18,90,1,6615,90,37,True
246,78,34,43,45,20,17726,212,35,False
106,125,42,29,34,59,12032,64,96,False
274,110,30,31,158,51,29210,244,79,False
222,66,23,25,63,25,14077,199,41,True
297,120,40,19,78,14,34880,257,101,False
213,101,22,22,142,42,21029,191,79,False
205,124,86,30,58,8,22840,119,94,True
232,58,90,30,123,18,10756,142,28,False
236,65,29,48,108,12,13948,207,17,True
148,121,65,13,10,11,17063,83,108,True
215,78,74,21,3,17,15216,141,57,True
191,66,88,43,92,9,8822,103,23,True
183,78,75,18,53,18,12924,108,60,True
194,89,23,37,116,32,16415,171,52,True
163,92,70,26,87,54,13176,93,66,False
181,62,35,20,108,16,10522,146,42,False
124,56,37,33,3,5,5723,87,23,True
180,97,45,41,58,35,15615,135,56,True
174,146,55,46,30,53,22874,119,100,True
238,91,38,11,181,38,21240,200,80,True
142,104,89,35,44,32,11653,53,69,False
155,100,78,43,16,11,12146,77,57,False
144,76,56,25,76,51,9544,88,51,True
237,63,86,46,59,0,10975,151,17,False
130,112,36,46,58,57,12904,94,66,False
163,102,63,40,88,7,14106,100,62,False
158,90,76,28,43,14,12092,82,62,False
244,109,35,26,193,39,25686,209,83,True
260,144,20,38,53,39,36680,240,106,True
201,149,48,11,129,125,29421,153,138,False
154,107,22,18,75,32,16082,132,89,True
247,97,23,17,216,6,23568,224,80,True
247,106,33,18,99,64,25588,214,88,True
104,135,70,34,10,32,11660,34,101,False
132,142,75,11,9,59,17919,57,131,True
285,62,38,31,215,25,16492,247,31,False
291,96,77,28,76,60,25780,214,68,True
195,146,93,28,93,99,25866,102,118,True
126,75,55,21,21,28,8295,71,54,True
172,105,53,13,61,47,17371,119,92,False
226,109,59,14,158,65,23808,167,95,True
113,114,76,31,5,10,10526,37,83,True
288,130,47,10,185,68,36970,241,120,True
242,53,27,14,133,7,12448,215,39,True
252,141,27,29,131,34,34749,225,112,False
288,88,64,32,202,33,23296,224,56,False
182,76,51,11,2,0,13271,131,65,False
202,126,74,23,98,14,23750,128,103,False
244,81,34,19,210,44,19118,210,62,False
203,102,66,13,84,10,19848,137,89,True
193,94,70,35,80,55,15692,123,59,True
195,126,53,18,75,82,23616,142,108,True
137,73,44,32,90,35,8593,93,41,True
118,116,65,27,17,75,11933,53,89,False
111,59,44,19,16,2,5713,67,40,False
176,55,23,13,6,18,9381,153,42,True
222,102,34,23,36,79,21862,188,79,False
114,147,62,30,41,33,14898,52,117,True
140,121,51,34,9,40,15206,89,87,False
132,109,21,27,71,33,13821,111,82,True
104,133,100,19,1,64,11932,4,114,False
289,50,95,25,16,4,12075,194,25,False
156,95,45,25,4,69,13695,111,70,False
292,98,73,41,86,31,25623,219,57,False
279,95,93,19,16,56,24738,186,76,False
160,61,41,37,95,24,8243,119,24,True
285,127,67,24,50,87,34587,218,103,True
140,136,49,33,53,84,17423,91,103,False
255,79,24,10,9,45,19905,231,69,False
182,74,54,49,50,2,10822,128,25,True
276,75,35,50,74,1,18950,241,25,False
166,148,30,17,41,82,24058,136,131,True
171,121,71,16,71,82,19555,100,105,False
228,95,77,10,50,71,20890,151,85,True
158,149,27,36,18,3,22570,131,113,True
203,114,87,25,15,26,20967,116,89,True
177,119,39,23,73,22,20166,138,96,False
149,128,72,31,20,49,16840,77,97,False
150,96,47,20,63,32,13460,103,76,False
271,56,59,46,46,2,12462,212,10,True
139,67,80,39,8,5,6193,59,28,True
252,130,48,23,193,38,31656,204,107,False
110,111,67,50,12,25,8860,43,61,True
183,90,48,48,38,28,14166,135,42,True
293,96,60,26,226,33,26568,233,70,True
291,113,57,38,216,35,30717,234,75,False
297,50,87,36,198,11,11718,210,14,True
234,69,46,31,35,3,14720,188,38,True
108,60,73,19,22,27,5093,35,41,True
111,85,22,15,10,4,9105,89,70,False
201,104,72,41,103,17,17952,129,63,True
238,109,48,21,172,40,24934,190,88,False
199,94,65,44,77,12,15846,134,50,True
231,93,62,26,8,27,19871,169,67,True
172,127,99,28,38,89,19072,73,99,False
113,97,100,44,2,35,6561,13,53,True
122,150,99,49,10,17,13449,23,101,False
226,73,72,44,144,3,13330,154,29,True
300,127,22,45,73,53,37110,278,82,True
221,57,45,38,71,2,10887,176,19,False
297,51,75,47,191,3,11622,222,4,True
108,127,75,20,21,67,12216,33,107,False
199,116,61,19,7,90,21925,138,97,False
186,54,25,20,73,30,9544,161,34,True
287,79,38,33,87,44,21419,249,46,True
279,135,85,41,43,27,34180,194,94,True
252,51,40,11,10,7,12412,212,40,True
137,90,98,43,8,10,8116,39,47,False
145,94,47,47,56,22,11421,98,47,False
293,107,61,31,150,46,29460,232,76,True
229,119,62,36,148,52,25019,167,83,True
141,67,60,46,8,16,6687,81,21,False
299,140,30,37,138,74,40750,269,103,True
152,66,100,18,5,43,8232,52,48,False
196,74,46,33,16,36,12986,150,41,False
139,84,25,45,71,32,10551,114,39,False
275,126,47,34,100,59,33052,228,92,False
142,118,21,33,23,62,16063,121,85,True
161,120,66,22,65,43,17868,95,98,False
287,109,57,37,133,4,29174,230,72,False
183,84,83,15,91,44,14127,100,69,True
292,60,83,22,193,25,15694,209,38,False
219,134,69,37,34,11,26793,150,97,True
179,51,78,25,8,15,7179,101,26,True
136,111,63,34,31,28,12954,73,77,True
255,99,35,48,180,0,23565,220,51,True
112,61,39,49,0,8,4921,73,12,True
248,103,94,24,82,12,23288,154,79,False
272,134,37,29,133,64,35375,235,105,True
120,61,75,23,24,20,5595,45,38,True
191,115,51,41,112,7,19874,140,74,True
215,129,60,35,94,73,25635,155,94,False
241,71,36,33,45,16,15923,205,38,False
208,60,90,28,83,2,9960,118,32,True
246,111,100,39,124,34,23406,146,72,False
262,64,52,38,198,26,14792,210,26,False
269,83,45,41,103,30,20482,224,42,False
280,60,21,20,168,29,16380,259,40,True
136,128,86,17,13,88,15946,50,111,True
198,62,88,19,59,27,10604,110,43,False
244,140,81,49,61,33,30191,163,91,True
288,131,60,13,73,32,36948,228,118,True
154,74,51,16,8,8,10580,103,58,False
192,59,77,40,69,1,8248,115,19,True
131,119,54,50,54,14,12889,77,69,False
274,113,77,43,197,57,27651,197,70,False
168,127,73,10,18,33,20606,95,117,False
222,92,29,45,166,1,19119,193,47,False
141,52,82,28,25,4,5036,59,24,False
224,105,70,50,134,47,20020,154,55,False
131,146,25,32,19,89,18326,106,114,True
296,113,78,10,177,20,32668,218,103,False
221,52,99,22,92,13,9314,122,30,True
113,113,63,31,46,60,10816,50,82,False
162,50,72,26,74,21,6228,90,24,True
278,140,47,22,108,91,37886,231,118,True
277,137,97,30,93,0,35039,180,107,False
123,150,30,19,93,65,17880,93,131,True
171,62,81,12,59,36,9630,90,50,False
273,147,38,20,161,32,39371,235,127,False
101,70,52,50,17,18,4470,49,20,False
119,95,35,16,35,76,10745,84,79,True
211,83,83,26,68,38,15355,128,57,False
209,141,31,48,171,56,27981,178,93,True
290,126,23,47,104,52,35459,267,79,False
132,112,78,10,43,90,14004,54,102,False
111,63,44,11,27,22,6509,67,52,True
266,139,21,29,205,33,36365,245,110,True
189,117,74,39,70,77,19227,115,78,False
195,142,46,35,25,17,26080,149,107,False
213,58,43,42,105,3,10548,170,16,True
132,107,50,16,21,14,13324,82,91,True
138,108,93,13,13,54,13695,45,95,True
282,79,65,11,4,21,21563,217,68,True
156,127,20,43,55,25,18952,136,84,False
190,69,84,24,44,24,11094,106,45,True
251,66,66,46,93,3,13530,185,20,False
233,56,71,27,51,8,11131,162,29,False
259,71,99,38,108,7,14627,160,33,False
220,126,85,21,133,5,25935,135,105,True
225,65,84,25,94,18,12525,141,40,True
162,108,30,32,57,72,16536,132,76,True
156,62,64,42,53,15,6984,92,20,True
211,145,22,13,124,39,30309,189,132,False
222,82,32,50,10,32,16604,190,32,True
128,107,89,12,23,18,12628,39,95,False
225,98,92,22,128,0,20026,133,76,True
220,95,99,11,84,83,19811,121,84,False
281,116,58,50,198,40,29696,223,66,False
128,104,80,13,1,14,12272,48,91,True
138,68,43,33,61,7,7965,95,35,True
287,81,50,30,87,3,21747,237,51,True
154,85,81,10,8,9,12280,73,75,False
114,118,42,16,57,81,12780,72,102,True
227,50,73,19,137,4,9963,154,31,True
297,106,88,39,21,3,28050,209,67,False
189,116,21,27,152,77,21357,168,89,False
128,135,34,14,7,6,16804,94,121,True
127,121,94,11,23,63,14333,33,110,True
236,87,28,43,138,18,19328,208,44,False
203,119,49,11,44,5,23618,154,108,True
182,74,51,30,96,38,11938,131,44,True
299,67,31,42,3,25,18731,268,25,False
168,67,90,14,11,43,9996,78,53,True
108,127,35,27,0,47,12771,73,100,True
288,145,92,18,34,123,40104,196,127,False
110,50,59,28,31,13,3848,51,22,False
193,135,26,45,36,7,24885,167,90,True
257,78,35,41,69,15,18611,222,37,False
246,81,99,18,88,23,18144,147,63,False
260,52,59,32,71,4,11632,201,20,False
138,51,53,32,46,2,5342,85,19,False
230,61,100,44,54,13,9630,130,17,True
110,142,43,13,52,96,15061,67,129,True
178,70,71,46,62,16,9194,107,24,False
295,142,25,29,207,33,41165,270,113,True
158,126,51,37,80,29,18021,107,89,True
117,87,22,40,16,21,9299,95,47,True
219,70,78,30,30,36,12990,141,40,True
230,111,69,16,30,52,24426,161,95,True
137,94,33,43,12,5,11459,104,51,False
250,78,83,48,60,23,15516,167,30,True
176,92,36,45,65,14,14572,140,47,False
245,72,52,47,25,20,15196,193,25,True
208,103,62,28,115,2,19688,146,75,False
147,146,87,44,28,31,17634,60,102,True
196,103,21,42,115,33,19306,175,61,True
140,101,50,44,51,13,11940,90,57,True
137,56,97,26,25,9,5150,40,30,False
167,122,53,50,18,42,17724,114,72,True
125,67,98,10,13,27,7395,27,57,False
155,107,24,12,116,31,16297,131,95,False
165,60,32,17,64,23,9356,133,43,False
218,75,82,31,90,38,13808,136,44,True
289,150,74,35,30,65,40760,215,115,True
151,84,53,24,31,45,11412,98,60,True
108,91,57,48,0,6,7092,51,43,False
290,104,21,36,247,7,29404,269,68,True
126,79,74,22,13,3,8326,52,57,True
165,50,58,12,73,19,7554,107,38,False
115,64,60,43,19,10,4780,55,21,False
128,66,37,28,21,2,7412,91,38,True
267,54,41,35,16,3,12983,226,19,False
271,73,95,42,104,30,15793,176,31,True
296,112,44,36,68,3,31568,252,76,True
157,135,35,49,99,2,19480,122,86,True
196,59,20,23,134,13,11104,176,36,True
287,92,48,25,197,19,25204,239,67,True
134,85,99,25,31,38,8915,35,60,True
281,113,21,23,197,25,31270,260,90,False
135,55,43,19,30,14,6608,92,36,False
161,115,83,48,66,7,14531,78,67,False
244,80,85,18,114,53,17990,159,62,False
118,79,62,18,25,50,8206,56,61,False
198,84,74,37,9,4,13894,124,47,False
137,147,49,17,23,78,19306,88,130,False
183,111,71,22,42,86,18751,112,89,False
136,79,55,44,69,10,8324,81,35,True
236,99,58,27,119,49,21798,178,72,False
129,56,32,44,60,11,5816,97,12,False
286,145,96,44,58,101,37246,190,101,False
252,115,59,16,75,29,28036,193,99,False
244,69,71,42,121,1,13854,173,27,False
210,78,74,42,66,1,13272,136,36,True
271,114,63,11,138,80,30201,208,103,True
203,120,67,35,103,45,22015,136,85,True
224,116,79,45,58,36,22429,145,71,False
268,79,89,40,16,14,17612,179,39,True
133,95,41,11,61,44,12184,92,84,True
109,99,72,27,35,33,8847,37,72,False
295,133,39,50,220,2,37285,256,83,False
134,84,26,35,11,35,10346,108,49,False
287,64,68,34,216,18,16056,219,30,True
223,70,87,27,25,25,13261,136,43,False
232,103,73,24,84,7,22144,159,79,True
259,97,98,19,31,33,23261,161,78,True
152,79,33,16,18,42,11480,119,63,False
125,63,86,47,33,12,3833,39,16,False
192,150,68,43,82,26,25876,124,107,False
292,69,66,30,23,6,18168,226,39,True
166,59,25,45,123,3,8669,141,14,False
262,62,83,27,124,14,14003,179,35,False
215,87,92,36,64,42,15393,123,51,True
186,128,57,13,100,69,23067,129,115,False
195,101,40,16,21,33,19055,155,85,False
241,149,81,17,6,69,34532,160,132,False
169,74,36,15,86,28,11966,133,59,False
233,64,46,45,51,3,12842,187,19,True
100,126,28,20,21,36,12040,72,106,True
290,142,56,28,218,95,39612,234,114,False
204,137,72,35,48,36,25428,132,102,True
134,113,81,15,29,25,13927,53,98,False
229,88,37,43,18,17,18561,192,45,True
145,85,24,37,25,21,11437,121,48,False
184,113,20,46,152,12,19872,164,67,True
171,135,62,30,34,62,21225,109,105,True
238,148,99,43,111,89,30967,139,105,True
253,52,97,37,94,10,9567,156,15,True
214,95,66,30,132,64,18350,148,65,False
185,115,99,24,56,20,18899,86,91,True
216,82,37,23,19,16,16861,179,59,True
160,145,83,31,24,106,20627,77,114,False
141,85,39,17,84,21,11322,102,68,False
155,147,78,41,43,32,19587,77,106,False
167,56,70,40,13,9,6552,97,16,False
101,135,33,33,25,63,12546,68,102,True
200,131,35,42,126,2,24730,165,89,True
105,127,76,13,24,10,12347,29,114,False
209,118,78,25,42,82,22712,131,93,True
184,69,74,40,18,27,9736,110,29,True
146,80,77,43,25,19,8369,69,37,True
259,130,64,21,149,108,32326,195,109,True
213,112,69,40,37,65,21096,144,72,True
156,127,60,33,23,50,17832,96,94,True
222,104,83,11,70,14,22175,139,93,True
187,141,44,18,63,47,25575,143,123,False
279,133,71,38,8,57,34409,208,95,True
140,137,75,46,8,57,15730,65,91,False
177,52,46,49,27,0,6950,131,3,False
289,89,90,17,56,25,24191,199,72,True
296,65,86,43,52,5,15542,210,22,False
103,81,75,33,11,33,5868,28,48,False
293,91,65,30,8,30,24713,228,61,False
164,136,85,19,32,113,20689,79,117,False
120,143,50,50,27,72,14660,70,93,True
171,106,88,33,23,4,15222,83,73,True
187,53,76,49,68,2,6187,111,4,True
272,122,76,35,144,66,30524,196,87,False
241,65,63,10,37,9,15035,178,55,True
247,122,72,11,8,45,29342,175,111,False
171,80,37,32,28,26,12496,134,48,False
215,141,24,20,113,34,29835,191,121,True
297,94,40,45,85,29,26118,257,49,False
286,68,73,49,24,1,15871,213,19,False
232,85,55,50,163,8,16970,177,35,True
147,142,34,18,98,6,20262,113,124,False
233,102,57,23,105,70,22455,176,79,False
281,63,62,11,98,26,17021,219,52,True
219,54,42,28,9,20,10650,177,26,True
296,118,21,19,197,62,34529,275,99,False
299,119,20,36,52,3,34861,279,83,True
250,126,76,35,173,39,28840,174,91,True
291,85,55,19,115,1,23690,236,66,False
300,108,20,26,168,42,31880,280,82,False
270,65,94,42,166,3,13602,176,23,False
121,114,95,17,0,20,12179,26,97,False
185,98,75,47,3,15,14605,110,51,True
182,147,91,44,89,79,22750,91,103,False
106,144,42,44,8,20,13416,64,100,False
169,75,78,12,74,3,11739,91,63,True
158,131,81,27,5,96,18511,77,104,True
290,84,25,23,9,50,23785,265,61,False
294,102,61,24,74,52,28524,233,78,False
259,95,22,38,47,22,23769,237,57,False
290,122,48,28,189,46,34036,242,94,True
170,130,98,42,53,85,17984,72,88,True
178,71,70,28,1,1,10678,108,43,False
287,50,89,24,172,3,12214,198,26,False
184,98,44,34,63,17,16536,140,64,True
177,77,30,49,84,28,12159,147,28,True
286,126,70,13,36,80,35126,216,113,False
163,82,63,16,31,17,12358,100,66,False
225,121,54,33,155,84,25443,171,88,False
110,80,81,12,14,20,7828,29,68,True
240,53,77,25,53,9,10795,163,28,False
300,112,78,23,1,15,31806,222,89,False
137,136,58,34,40,52,16660,79,102,False
276,52,79,17,131,4,13009,197,35,True
126,99,80,17,13,71,11114,46,82,True
253,84,42,15,34,9,20622,211,69,False
175,71,89,42,80,9,8687,86,29,False
246,76,86,50,82,12,14396,160,26,True
164,124,60,38,94,52,18056,104,86,False
178,68,99,45,23,7,7649,79,23,False
270,105,38,32,175,65,27134,232,73,False
216,148,67,50,108,93,28618,149,98,True
247,115,35,14,140,12,27915,212,101,False
135,59,33,12,20,13,7569,102,47,True
220,54,26,23,73,14,11282,194,31,True
165,111,52,23,70,85,17119,113,88,False
201,110,80,50,21,8,18110,121,60,True
259,121,68,42,148,58,28483,191,79,False
235,131,90,45,105,7,26735,145,86,False
185,119,53,49,41,27,19418,132,70,True
254,80,53,46,196,32,17882,201,34,True
276,88,95,23,42,59,22103,181,65,True
118,91,91,24,17,29,8554,27,67,True
262,71,76,44,162,6,15258,186,27,False
168,55,84,10,55,40,8400,84,45,False
240,80,34,38,57,39,17908,206,42,False
180,77,25,15,59,41,13485,155,62,False
278,127,53,12,88,22,34670,225,115,True
202,61,22,12,139,25,12058,180,49,False
118,137,94,14,19,16,14850,24,123,False
217,51,28,50,71,1,9667,189,1,True
258,105,52,13,122,12,26414,206,92,False
141,87,45,12,81,20,11727,96,75,False
129,137,66,45,38,4,14703,63,92,False
261,88,36,10,125,73,22608,225,78,True
156,61,34,10,97,48,9176,122,51,False
226,110,47,23,35,34,23779,179,87,True
258,122,93,48,27,26,27012,165,74,False
146,113,87,50,21,40,12148,59,63,True
283,69,34,22,97,12,18779,249,47,True
159,143,99,21,21,101,20658,60,122,True
128,142,21,45,76,34,17231,107,97,False
164,144,82,16,6,84,22304,82,128,True
299,121,78,24,74,87,34307,221,97,True
190,82,35,47,32,23,13935,155,35,True
234,134,95,19,81,90,29551,139,115,True
219,125,43,20,53,101,26515,176,105,False
220,137,71,33,6,54,27797,149,104,True
288,131,24,40,112,4,36768,264,91,False
103,109,29,33,38,76,10270,74,76,False
279,129,32,43,158,15,34615,247,86,True
192,73,26,34,61,5,13132,166,39,True
220,105,98,11,33,36,22022,122,94,True
272,108,42,29,3,12,28158,230,79,True
179,50,95,22,37,17,6860,84,28,False
158,123,65,31,63,12,17419,93,92,False
240,150,60,11,41,52,35340,180,139,True
296,130,47,50,242,79,36130,249,80,True
148,127,86,45,54,13,14926,62,82,True
233,85,89,43,33,10,15978,144,42,True
248,64,30,31,44,4,14942,218,33,False
249,101,99,50,146,30,20199,150,51,True
246,123,73,16,90,46,29090,173,107,False
212,148,86,11,80,127,30430,126,137,True
291,64,20,11,63,53,18404,271,53,True
183,73,21,31,7,5,12708,162,42,False
298,71,97,10,86,43,20188,201,61,True
281,76,33,22,35,16,20630,248,54,False
132,110,89,17,25,31,13007,43,93,False
181,149,74,37,99,86,24231,107,112,True
104,59,86,13,8,44,5018,18,46,True
227,144,63,19,113,71,31491,164,125,True
276,90,89,36,36,53,21636,187,54,False
235,129,72,31,72,47,28083,163,98,False
216,148,46,35,132,77,30358,170,113,True
162,113,35,36,112,62,17046,127,77,True
268,103,91,44,91,29,23600,177,59,False
164,76,49,30,62,36,10994,115,46,True
117,145,42,31,49,67,15663,75,114,True
240,132,22,30,59,69,31020,218,102,True
219,144,35,32,63,16,30416,184,112,False
137,140,50,25,50,25,17930,87,115,True
130,69,76,44,48,7,5626,54,25,False
160,129,64,26,62,34,18976,96,103,False
250,114,21,22,75,25,28038,229,92,True
240,92,64,20,86,61,20800,176,72,True
107,142,99,17,3,41,13511,8,125,True
110,108,75,42,27,28,8730,35,66,False
167,92,69,18,12,6,14122,98,74,False
276,98,80,11,116,4,26168,196,87,False
209,76,99,22,36,37,13706,110,54,False
110,69,45,12,27,29,7050,65,57,True
117,82,54,11,49,47,9000,63,71,True
103,91,32,47,54,40,7869,71,44,False
125,94,46,21,3,73,10784,79,73,True
295,143,73,32,190,43,39849,222,111,True
284,146,91,35,30,88,38279,193,111,True
258,54,75,24,106,1,12132,183,30,False
260,51,65,23,163,11,11765,195,28,False
120,70,29,35,78,19,7385,91,35,False
164,89,20,41,92,3,13776,144,48,False
120,102,47,42,67,53,10266,73,60,True
114,104,40,27,32,55,10776,74,77,False
294,93,29,42,213,6,26124,265,51,False
105,110,29,19,21,21,10999,76,91,True
224,146,62,13,69,62,31898,162,133,False
254,133,37,18,206,115,33116,217,115,False
286,147,82,41,24,78,38680,204,106,True
117,87,80,26,37,6,8099,37,61,True
245,141,66,34,44,21,32301,179,107,False
229,66,96,24,36,10,12810,133,42,False
194,98,30,47,132,9,17602,164,51,True
258,105,64,21,158,42,25746,194,84,True
272,50,74,23,164,2,11898,198,27,False
117,70,47,32,15,5,6686,70,38,True
160,113,90,30,64,28,15380,70,83,True
138,144,32,16,93,67,19360,106,128,False
100,102,50,29,31,68,8750,50,73,True
189,58,43,32,7,8,9586,146,26,True
132,116,30,14,33,34,14892,102,102,True
207,59,34,49,72,8,10547,173,10,True
275,72,60,19,110,44,18660,215,53,True
237,104,87,11,114,23,23691,150,93,True
188,85,97,42,7,23,11906,91,43,True
124,91,75,50,4,30,7534,49,41,True
104,71,91,16,0,55,5928,13,55,True
261,98,44,37,134,54,23950,217,61,True
226,52,82,22,106,5,9948,144,30,False
177,104,21,20,154,0,17988,156,84,True
147,145,84,11,59,38,20391,63,134,True
204,114,92,12,68,43,22152,112,102,True
300,63,74,22,158,29,17272,226,41,False
215,68,55,33,103,0,12805,160,35,True
226,111,84,34,118,58,22230,142,77,False
144,137,56,19,20,68,18664,88,118,False
127,113,49,50,6,43,11901,78,63,False
296,53,35,45,46,3,14113,261,8,True
215,90,40,47,75,28,17470,175,43,False
204,74,94,12,84,14,13968,110,62,False
266,143,92,45,25,66,33898,174,98,True
214,103,25,37,88,12,21117,189,66,False
106,116,54,44,14,64,9920,52,72,True
192,68,99,23,52,1,10779,93,45,False
237,124,91,29,47,31,26749,146,95,False
103,50,71,24,15,23,3446,32,26,False
114,129,72,44,17,44,11538,42,85,False
227,87,55,19,126,15,18704,172,68,False
234,144,49,39,102,24,31785,185,105,False
125,85,95,24,29,44,8345,30,61,True
262,106,27,44,45,25,26584,235,62,False
109,87,55,35,21,2,7558,54,52,True
139,52,66,18,40,17,6040,73,34,False
201,122,84,16,69,20,23178,117,106,False
191,141,66,17,37,58,25809,125,124,False
147,101,97,43,31,29,10676,50,58,True
125,143,91,23,8,67,15782,34,120,True
215,69,43,21,121,2,13932,172,48,False
178,118,39,10,52,56,20614,139,108,False
213,113,50,23,72,14,22919,163,90,False
216,108,25,27,152,4,22653,191,81,True
212,81,34,50,1,25,15472,178,31,False
199,74,99,18,44,28,12944,100,56,False
222,105,82,24,129,56,21342,140,81,False
187,60,43,12,2,9,10704,144,48,True
186,138,74,17,104,56,24410,112,121,False
221,59,92,46,11,10,8807,129,13,False
184,116,55,23,35,30,20079,129,93,False
281,112,99,35,163,76,28007,182,77,True
144,92,20,33,68,30,12588,124,59,False
284,90,24,35,134,4,24720,260,55,True
158,140,30,20,1,87,21520,128,120,True
160,103,46,10,112,83,16020,114,93,True
108,143,56,36,18,30,13428,52,107,True
199,96,45,32,41,0,17664,154,64,True
152,126,96,24,2,67,16848,56,102,False
174,142,20,25,96,116,24208,154,117,True
293,116,83,20,147,82,32328,210,96,False
170,133,71,41,3,84,19699,99,92,True
235,64,92,38,30,22,11544,143,26,False
202,125,90,47,97,53,21020,112,78,False
192,61,39,39,23,15,10191,153,22,False
296,120,76,48,95,17,31872,220,72,False
192,94,64,37,64,35,15680,128,57,False
103,72,32,30,46,33,6456,71,42,False
289,136,69,46,112,71,36130,220,90,True
195,148,78,12,56,47,27924,117,136,False
165,50,82,42,24,8,4806,83,8,True
228,88,66,41,123,35,17358,162,47,True
121,92,42,33,1,6,9746,79,59,True
138,145,63,30,59,101,18120,75,115,True
242,89,83,46,157,6,17720,159,43,True
113,62,96,43,2,13,2878,17,19,False
256,77,20,47,64,15,18772,236,30,True
270,67,53,23,60,27,16871,217,44,False
185,85,59,18,54,6,14663,126,67,True
245,146,74,35,1,78,33180,171,111,False
117,115,26,43,47,16,12337,91,72,False
104,64,26,15,61,27,6266,78,49,True
197,105,77,49,98,48,16912,120,56,False
295,85,38,39,78,10,23593,257,46,False
126,101,67,41,3,20,9979,59,60,True
200,68,80,34,89,11,10880,120,34,True
299,120,51,26,65,81,34554,248,94,False
139,78,21,29,16,32,10233,118,49,True
296,97,55,42,178,27,26402,241,55,False
263,73,24,36,101,20,18335,239,37,False
112,52,47,26,14,4,4602,65,26,False
118,82,41,47,10,34,7749,77,35,False
169,57,65,42,97,4,6903,104,15,True
101,150,86,10,2,93,14290,15,140,False
250,74,51,47,34,20,16103,199,27,True
269,76,81,20,109,17,18824,188,56,True
300,145,40,39,192,45,41940,260,106,True
173,122,34,17,93,12,20528,139,105,True
163,134,49,42,109,90,19784,114,92,False
287,119,72,27,85,0,32209,215,92,True
201,84,55,49,36,7,14189,146,35,False
261,80,83,34,17,21,18058,178,46,True
177,88,62,17,13,14,14522,115,71,False
208,124,27,50,58,33,24442,181,74,True
268,121,67,20,200,15,31088,201,101,True
265,130,69,15,96,64,33415,196,115,True
261,62,54,17,47,12,15264,207,45,True
216,97,48,10,160,24,20472,168,87,False
265,78,47,12,172,62,20106,218,66,True
144,119,62,43,74,22,14470,82,76,False
273,103,87,27,37,0,25770,186,76,True
129,87,100,35,25,6,7723,29,52,False
165,54,80,39,5,0,5790,85,15,False
238,72,92,21,20,9,15204,146,51,True
170,79,83,49,81,2,9363,87,30,True
125,80,46,25,72,10,8850,79,55,True
151,59,80,43,37,6,5469,71,16,True
241,83,75,32,92,16,17603,166,51,False
141,112,44,35,76,40,14252,97,77,True
174,137,91,46,70,21,19652,83,91,True
201,73,64,50,93,10,11473,137,23,False
172,131,28,25,86,49,21832,144,106,True
298,113,43,31,143,81,32341,255,82,False
279,121,63,31,98,90,31806,216,90,False
102,92,83,22,5,42,7558,19,70,False
295,93,76,25,127,47,25535,219,68,False
276,72,87,38,177,19,16566,189,34,True
227,111,81,42,74,52,21795,146,69,True
102,52,29,41,55,9,4115,73,11,True
172,125,73,50,72,31,17850,99,75,False
224,94,78,11,65,67,20198,146,83,False
161,78,28,29,26,44,11746,133,49,False
170,150,34,15,34,13,24990,136,135,False
211,79,91,11,101,13,15668,120,68,True
239,94,86,20,28,68,20746,153,74,False
296,138,41,29,88,31,39659,255,109,False
163,93,29,26,23,27,14405,134,67,False
231,114,63,34,19,55,24192,168,80,True
163,80,48,34,54,42,11408,115,46,True
179,149,91,11,76,49,25670,88,138,False
187,109,83,33,99,25,17644,104,76,True
128,56,45,17,24,31,6403,83,39,True
174,116,58,38,19,72,17980,116,78,False
227,104,31,18,12,76,23050,196,86,False
108,69,74,28,4,36,5380,34,41,False
104,110,56,25,34,10,10040,48,85,False
112,145,58,20,14,114,15080,54,125,True
225,117,54,49,145,33,23679,171,68,False
174,51,20,24,142,16,8394,154,27,False
187,96,83,37,0,50,14881,104,59,False
174,82,82,43,84,33,10742,92,39,False
269,79,57,50,193,2,18401,212,29,False
116,66,53,32,54,6,5960,63,34,True
208,148,74,26,33,57,28860,134,122,False
182,79,25,26,10,28,13728,157,53,False
229,93,53,41,171,42,19124,176,52,True
117,124,79,47,33,4,10795,38,77,False
157,70,95,49,13,21,6335,62,21,False
159,125,40,26,30,36,18835,119,99,True
182,101,38,30,17,28,17242,144,71,False
273,94,38,11,67,27,25244,235,83,False
230,114,96,34,15,20,22956,134,80,True
282,55,25,29,122,24,14785,257,26,False
133,75,49,38,82,5,8113,84,37,False
235,89,44,21,151,13,19991,191,68,True
121,56,36,28,74,22,5768,85,28,True
131,110,99,49,3,14,9559,32,61,True
263,146,47,37,146,65,36659,216,109,False
212,116,57,44,129,9,22084,155,72,True
133,79,97,22,27,3,8373,36,57,True
124,72,80,50,30,10,4928,44,22,False
213,114,80,21,71,11,22602,133,93,False
119,112,47,43,24,43,11307,72,69,True
227,134,55,23,69,42,29153,172,111,False
216,50,44,29,144,20,9524,172,21,True
194,88,22,30,60,48,16412,172,58,False
156,110,46,40,3,35,15320,110,70,True
217,101,20,48,123,16,20957,197,53,False
146,70,21,23,16,2,9737,125,47,False
281,81,33,42,88,36,21375,248,39,True
291,58,26,44,202,5,15734,265,14,False
284,143,80,10,7,35,39812,204,133,False
239,142,38,25,185,45,32988,201,117,False
290,106,88,10,131,66,29860,202,96,True
238,76,71,33,130,21,15745,167,43,True
175,81,24,20,19,26,13695,151,61,False
121,109,37,16,54,48,12597,84,93,True
152,55,92,16,35,16,6888,60,39,True
255,143,73,18,163,72,35151,182,125,True
100,125,60,16,4,61,11540,40,109,False
223,106,44,39,93,58,21922,179,67,True
162,124,94,43,8,45,16046,68,81,True
240,127,62,28,140,74,28744,178,99,True
233,100,27,20,128,36,22760,206,80,False
201,122,30,31,33,38,23592,171,91,False
257,65,30,34,142,11,15685,227,31,True
141,130,62,23,11,33,16904,79,107,False
236,140,33,39,66,47,31753,203,101,False
271,75,72,49,6,4,16797,199,26,False
140,150,38,17,1,35,20354,102,133,False
138,125,75,22,28,17,15600,63,103,False
138,125,89,18,46,72,15648,49,107,False
241,70,85,27,72,19,14575,156,43,False
178,139,58,27,75,68,23176,120,112,True
297,93,64,17,17,49,26533,233,76,False
204,116,78,28,27,61,21480,126,88,True
117,91,28,19,73,17,10115,89,72,False
297,140,89,39,160,33,38109,208,101,False
251,103,51,25,46,76,24578,200,78,True
236,131,29,41,65,4,29727,207,90,True
218,99,45,10,121,1,21132,173,89,True
126,97,23,40,78,49,11302,103,57,False
146,136,84,20,56,28,18176,62,116,True
146,128,59,30,25,47,16918,87,98,True
202,129,20,11,179,98,25838,182,118,False
111,137,100,34,0,39,11807,11,103,True
220,109,21,11,75,71,23749,199,98,True
259,116,97,49,51,35,25291,162,67,False
161,124,43,19,57,84,19147,118,105,False
274,114,26,12,186,87,30924,248,102,True
293,109,35,27,113,44,30992,258,82,False
287,148,44,49,116,89,40320,243,99,False
293,103,80,49,203,9,26259,213,54,True
204,126,25,36,85,41,24804,179,90,True
208,101,59,11,7,51,20359,149,90,False
173,91,26,26,93,44,15067,147,65,True
240,132,80,23,89,17,29840,160,109,False
272,116,100,40,163,7,27552,172,76,True
243,73,28,49,202,12,16367,215,24,True
140,138,22,17,30,20,18946,118,121,True
105,61,90,16,2,11,4965,15,45,True
230,145,29,43,18,86,32103,201,102,True
203,102,30,33,10,67,19716,173,69,False
133,57,39,40,1,0,6021,94,17,True
117,62,92,16,15,37,5782,25,46,True
247,108,22,27,123,2,26082,225,81,True
297,149,22,43,192,58,43307,275,106,False
280,79,96,23,100,12,19912,184,56,True
261,104,41,30,120,73,25914,220,74,False
237,62,40,22,32,4,13814,197,40,True
282,111,86,14,98,4,30098,196,97,True
165,79,26,12,31,19,12723,139,67,False
175,82,85,36,53,23,11290,90,46,True
195,94,83,19,32,20,16753,112,75,True
227,100,89,11,88,62,21721,138,89,True
233,128,67,19,87,94,28551,166,109,False
246,109,38,39,105,68,25332,208,70,True
177,62,30,33,41,19,9984,147,29,False
170,51,67,46,6,4,5588,103,5,True
157,108,41,37,89,56,15439,116,71,False
205,133,31,14,164,30,26831,174,119,True
158,114,34,41,100,3,16618,124,73,True
241,69,28,38,135,27,15565,213,31,True
230,142,49,39,33,67,30749,181,103,True
121,112,50,27,66,83,12202,71,85,True
201,77,82,25,79,32,13427,119,52,False
232,143,58,39,17,5,30914,174,104,True
187,144,26,36,93,16,25992,161,108,True
270,73,79,16,168,13,18446,191,57,True
300,145,39,12,167,9,43032,261,133,False
287,108,90,24,104,58,28836,197,84,False
258,74,60,26,93,47,17532,198,48,False
124,97,34,45,45,4,10498,90,52,False
256,146,41,24,26,13,36392,215,122,False
163,81,86,14,33,67,11999,77,67,False
199,77,65,26,73,16,13633,134,51,True
271,123,37,44,234,74,31705,234,79,True
226,97,52,15,33,81,21142,174,82,False
294,103,69,34,195,35,27936,225,69,True
224,77,59,20,129,43,16068,165,57,True
263,132,51,27,206,90,33339,212,105,False
106,114,52,24,14,8,10836,54,90,True
174,93,79,23,13,60,14365,95,70,True
207,147,45,48,17,46,28269,162,99,True
237,149,65,45,119,74,32388,172,104,True
213,52,99,23,37,4,8799,114,29,False
197,69,69,33,67,32,11316,128,36,False
142,121,55,48,61,23,14542,87,73,False
250,83,71,14,113,13,19756,179,69,True
166,140,58,36,11,36,21152,108,104,True
189,129,60,43,68,65,21801,129,86,True
189,53,99,43,22,10,5760,90,10,False
292,69,58,37,14,28,18002,234,32,False
225,122,84,33,137,78,24678,141,89,False
132,75,39,39,74,30,8379,93,36,True
247,59,67,38,65,14,12027,180,21,True
195,67,24,26,161,41,12441,171,41,False
269,114,54,49,209,62,28020,215,65,False
247,125,58,50,75,36,27975,189,75,True
283,67,32,17,229,21,18417,251,50,False
274,82,33,48,50,26,20884,241,34,True
172,75,84,49,53,8,8784,88,26,False
195,127,64,20,48,61,23485,131,107,True
290,92,82,15,103,46,25450,208,77,False
219,136,70,17,60,49,28594,149,119,False
167,145,43,21,41,12,23312,124,124,False
152,98,39,29,4,49,13765,113,69,True
224,141,99,48,1,35,26832,125,93,False
264,83,41,26,217,4,20846,223,57,True
274,63,29,28,135,1,16450,245,35,False
118,54,30,10,10,43,6072,88,44,True
286,78,36,50,210,21,20508,250,28,False
119,137,59,50,50,62,13353,60,87,True
229,83,95,33,124,29,15872,134,50,False
194,52,97,33,59,19,6887,97,19,True
263,62,67,27,22,31,14497,196,35,True
263,67,41,44,40,12,15817,222,23,True
163,136,45,11,18,68,21673,118,125,True
196,100,77,48,38,23,15904,119,52,False
300,73,50,30,20,35,20400,250,43,True
112,133,27,30,77,29,14086,85,103,True
102,91,81,40,13,31,6042,21,51,True
189,130,40,11,81,84,24130,149,119,True
182,112,34,46,57,12,18820,148,66,True
170,74,75,36,31,16,9880,95,38,False
167,90,48,25,50,56,13830,119,65,False
297,62,24,49,7,12,17238,273,13,True
123,120,35,31,72,10,13675,88,89,False
117,75,29,30,14,23,7905,88,45,True
116,144,46,44,51,66,14680,70,100,False
256,105,89,31,32,27,24121,167,74,False
174,83,63,50,46,32,11292,111,33,True
244,119,99,41,79,39,24977,145,78,False
111,146,38,45,31,55,14496,73,101,False
122,124,95,22,5,85,13038,27,102,True
236,72,37,49,30,9,15179,199,23,False
147,88,49,50,92,30,10486,98,38,True
248,149,75,28,116,38,34852,173,121,True
297,103,78,12,169,17,29655,219,91,True
240,89,93,19,2,49,19593,147,70,True
266,53,48,22,153,12,13042,218,31,True
280,106,78,40,31,33,26560,202,66,False
274,91,77,13,99,57,23933,197,78,False
189,95,83,41,47,2,14552,106,54,True
166,143,46,29,79,14,22404,120,114,False
137,143,61,36,30,2,17395,76,107,False
280,70,97,28,101,17,16884,183,42,False
107,127,100,13,5,21,12289,7,114,True
288,80,96,13,153,35,21792,192,67,True
245,125,35,50,110,67,28875,210,75,True
187,52,34,18,104,18,9112,153,34,False
151,50,36,12,34,12,7118,115,38,False
179,91,91,46,62,3,12103,88,45,False
205,73,57,10,131,37,14395,148,63,False
132,61,78,22,41,35,6336,54,39,True
216,142,60,32,76,52,28752,156,110,True
116,113,73,40,35,3,10188,43,73,False
194,97,56,36,93,53,16802,138,61,False
195,90,73,13,90,42,16601,122,77,False
288,150,63,24,114,103,41688,225,126,False
269,89,35,49,184,12,22226,234,40,True
157,96,78,40,28,7,11952,79,56,True
247,138,44,48,113,68,31974,203,90,True
273,95,50,42,26,26,23835,223,53,False
141,67,81,32,17,27,6855,60,35,True
130,102,24,24,30,4,12684,106,78,True
279,60,38,50,115,8,14840,241,10,True
277,140,55,25,154,50,37405,222,115,True
261,108,80,50,25,21,24188,181,58,True
170,80,55,35,95,17,11675,115,45,False
261,92,49,19,112,61,23081,212,73,False
224,72,83,42,103,19,12642,141,30,True
117,84,25,39,20,18,8853,92,45,True
288,66,93,38,75,23,15474,195,28,True
209,78,38,45,29,16,14592,171,33,True
294,56,51,48,106,1,14016,243,8,True
192,136,59,43,114,20,23575,133,93,False
164,141,89,35,2,40,20009,75,106,True
163,72,36,15,119,37,11196,127,57,False
139,65,48,41,60,12,7067,91,24,True
193,66,71,16,99,23,11602,122,50,True
268,141,71,45,75,92,34593,197,96,True
167,148,81,36,18,91,21800,86,112,False
205,63,59,32,56,15,11027,146,31,False
277,138,70,18,4,47,36966,207,120,True
189,78,46,11,72,18,14236,143,67,False
172,64,32,49,69,9,9440,140,15,True
252,110,26,10,92,63,27460,226,100,False
152,150,80,49,53,56,18880,72,101,False
139,104,73,40,2,54,11536,66,64,False
207,141,26,41,158,91,28121,181,100,True
194,100,77,16,66,80,18168,117,84,False
200,135,66,42,103,35,24228,134,93,True
270,57,75,45,47,9,12015,195,12,True
283,149,49,30,92,86,40697,234,119,True
209,150,72,47,112,54,27966,137,103,False
123,90,45,36,59,35,9450,78,54,False
298,85,71,26,121,2,23484,227,59,True
113,146,84,46,23,83,12634,29,100,False
154,59,48,22,70,0,8030,106,37,True
103,137,41,21,54,85,13250,62,116,False
207,142,45,50,5,43,27144,162,92,True
133,126,38,29,32,2,15656,95,97,False
293,58,52,25,48,23,15694,241,33,True
255,91,22,10,210,50,22985,233,81,True
172,125,92,41,64,77,17728,80,84,False
295,71,97,28,167,8,18229,198,43,True
144,62,51,41,79,6,6837,93,21,True
269,120,46,20,33,72,31360,223,100,True
121,83,40,40,33,9,8443,81,43,False
114,123,93,39,14,80,10395,21,84,True
270,107,69,14,188,26,27924,201,93,True
204,102,58,46,72,3,18140,146,56,True
267,53,43,25,209,23,13076,224,28,False
285,81,94,42,25,22,19137,191,39,False
110,89,34,21,47,7,9076,76,68,False
115,64,46,39,44,20,5566,69,25,True
159,142,27,10,42,9,22308,132,132,False
119,119,98,49,14,25,9359,21,70,True
210,115,95,43,43,47,20065,115,72,False
203,60,36,38,144,10,10812,167,22,True
196,92,88,38,33,19,14688,108,54,False
144,132,51,36,39,6,17172,93,96,True
246,101,61,39,73,51,22467,185,62,False
139,56,42,32,64,4,6440,97,24,False
245,114,93,10,20,10,27000,152,104,True
213,110,88,33,113,30,20526,125,77,True
126,102,100,47,9,23,8152,26,55,False
209,149,90,44,23,90,27181,119,105,False
121,74,70,14,31,52,7974,51,60,True
300,143,52,33,16,28,41184,248,110,True
292,110,90,27,64,67,29690,202,83,False
233,105,64,27,93,57,22737,169,78,False
187,55,29,16,70,18,9821,158,39,True
188,115,31,35,36,78,20535,157,80,True
111,50,88,19,9,2,3878,23,31,True
105,94,76,37,21,32,7058,29,57,False
245,77,71,45,157,23,15670,174,32,True
166,101,95,20,47,54,14866,71,81,False
192,100,98,36,67,1,15672,94,64,True
159,135,81,24,66,7,19521,78,111,True
243,115,53,24,181,24,26673,190,91,False
136,86,83,16,41,4,10368,53,70,True
255,96,46,34,90,15,22916,209,62,True
160,87,41,30,33,16,12690,119,57,True
277,141,39,47,154,43,37224,238,94,True
116,95,23,22,27,42,10514,93,73,False
144,79,70,48,7,6,8016,74,31,False
268,149,97,26,96,53,37410,171,123,True
295,92,33,18,114,52,26546,262,74,False
196,117,45,11,3,28,22437,151,106,True
200,96,84,35,76,6,16260,116,61,False
129,86,94,20,10,36,9214,35,66,False
121,53,28,43,59,3,5209,93,10,True
215,56,39,26,134,23,11026,176,30,False
275,139,88,14,129,46,36993,187,125,False
286,134,67,41,58,44,35577,219,93,False
198,55,43,16,94,34,10202,155,39,True
296,117,65,45,171,32,31707,231,72,True
156,81,74,38,61,19,9824,82,43,False
119,107,80,32,33,10,10173,39,75,True
273,58,99,16,63,38,14250,174,42,False
126,125,34,23,36,16,14968,92,102,False
286,56,72,12,65,15,15152,214,44,True
200,94,80,26,113,32,16720,120,68,False
286,124,79,38,46,14,32462,207,86,True
202,81,33,38,99,16,15108,169,43,True
190,56,48,46,114,10,8432,142,10,True
231,138,41,44,185,3,30074,190,94,False
194,65,42,45,114,20,10720,152,20,True
242,99,91,40,85,56,20318,151,59,True
176,142,96,32,31,50,21920,80,110,True
158,75,57,37,93,23,9741,101,38,False
290,135,49,28,23,17,37778,241,107,True
236,50,42,34,12,7,10372,194,16,False
175,123,97,34,63,29,18227,78,89,True
253,95,49,45,94,15,21830,204,50,True
159,100,62,38,11,14,13544,97,62,False
288,120,62,45,141,57,31770,226,75,False
102,133,57,16,31,64,12654,45,117,False
124,100,63,36,14,30,10132,61,64,False
132,134,69,22,45,86,16170,63,112,False
138,142,52,37,46,83,17672,86,105,True
113,73,36,36,61,25,6953,77,37,False
121,103,38,17,79,69,11817,83,86,True
265,54,100,33,67,16,11010,165,21,False
215,101,78,11,47,28,20857,137,90,False
171,70,32,44,116,10,10562,139,26,False
266,112,91,18,139,33,28154,175,94,False
242,105,64,49,160,8,22274,178,56,True
173,109,47,47,56,6,16648,126,62,True
233,54,22,28,142,15,11966,211,26,False
212,107,100,26,9,16,20084,112,81,False
294,116,22,21,5,16,33642,272,95,False
280,136,39,14,102,110,37534,241,122,False
143,100,50,49,68,2,11850,93,51,True
244,74,44,41,11,22,16252,200,33,False
246,140,65,31,36,55,32425,181,109,False
173,111,90,17,14,0,17673,83,94,False
197,106,26,16,36,46,20466,171,90,True
284,70,64,48,16,1,16808,220,22,False
244,130,81,47,159,46,27913,163,83,True
168,109,63,17,57,11,17241,105,92,True
249,52,57,39,2,12,10725,192,13,False
109,76,42,28,5,25,7108,67,48,False
244,63,43,45,161,9,13437,201,18,False
235,72,49,34,107,23,15254,186,38,True
177,97,87,10,41,79,16299,90,87,True
144,150,83,13,17,100,20521,61,137,True
179,83,42,43,61,21,13051,137,40,False
179,96,65,10,110,43,16534,114,86,False
208,144,36,29,172,6,28908,172,115,True
172,96,94,13,24,39,15290,78,83,False
193,88,34,23,91,22,16202,159,65,False
223,122,95,26,88,19,24736,128,96,False
194,143,83,25,85,27,25667,111,118,False
184,81,68,28,55,18,13000,116,53,False
168,57,92,15,54,41,8196,76,42,False
138,86,34,44,20,13,10372,104,42,False
191,88,84,38,29,31,13616,107,50,True
171,145,41,48,19,21,22827,130,97,False
237,142,38,28,35,37,32590,199,114,False
171,96,35,14,56,10,15926,136,82,False
186,100,93,41,89,34,14787,93,59,True
114,142,97,12,13,78,15024,17,130,False
258,140,64,34,181,99,33944,194,106,True
248,78,54,40,154,35,17184,194,38,True
177,62,49,17,101,1,10141,128,45,True
145,60,84,25,56,17,6600,61,35,True
174,123,68,45,13,26,18342,106,78,False
293,135,67,31,81,38,37478,226,104,True
272,71,83,13,106,17,18233,189,58,False
126,100,55,12,63,5,11940,71,88,False
138,104,68,18,15,42,13128,70,86,False
107,143,80,15,0,58,14101,27,128,False
162,124,35,36,117,24,18828,127,88,False
299,108,55,33,160,55,30477,244,75,False
174,65,46,17,10,5,10528,128,48,False
255,97,68,40,72,33,22015,187,57,True
298,112,78,25,29,82,31426,220,87,True
170,140,69,29,13,2,21799,101,111,False
210,103,45,12,70,56,21090,165,91,True
205,99,85,49,50,12,16130,120,50,True
249,146,85,27,22,40,34059,164,119,False
206,78,38,32,75,23,14852,168,46,True
155,142,43,43,90,52,20161,112,99,False
295,141,63,37,38,34,39264,232,104,True
213,117,100,43,42,53,20621,113,74,False
168,149,42,12,51,27,24528,126,137,True
170,77,45,45,17,28,11065,125,32,False
115,76,65,24,23,46,7180,50,52,False
273,130,53,37,210,8,33529,220,93,True
266,108,84,30,62,65,26208,182,78,True
174,77,83,26,28,51,11240,91,51,True
114,94,61,11,3,44,10045,53,83,True
246,120,100,41,7,79,25420,146,79,False
239,112,71,32,108,58,24496,168,80,False
140,62,41,20,71,24,7860,99,42,False
190,82,72,18,3,64,14284,118,64,False
158,77,90,35,21,32,9016,68,42,False
290,141,34,33,111,66,39768,256,108,False
209,120,94,14,18,29,23764,115,106,False
274,66,42,47,149,3,16110,232,19,False
192,73,55,39,49,8,11871,137,34,False
272,148,65,13,103,23,39411,207,135,False
231,95,72,21,99,47,20433,159,74,False
231,82,31,11,197,3,18601,200,71,False
141,103,50,39,40,39,12573,91,64,False
235,100,80,48,129,1,19660,155,52,True
257,85,64,37,45,13,19477,193,48,False
101,66,46,10,30,4,6206,55,56,False
129,90,72,46,32,0,8298,57,44,True
188,143,49,30,29,49,25414,139,113,False
298,137,35,43,243,12,39321,263,94,False
296,73,29,39,130,14,20477,267,34,False
121,99,37,48,0,38,10203,84,51,False
242,67,32,27,145,14,15350,210,40,False
196,89,20,18,10,58,17084,176,71,False
285,88,76,40,81,47,22040,209,48,True
246,134,87,18,19,86,31398,159,116,False
108,97,79,16,15,72,9212,29,81,False
236,76,31,32,121,27,16944,205,44,True
216,76,83,43,118,17,12847,133,33,False
237,74,81,24,136,19,15594,156,50,True
102,63,94,18,5,7,4734,8,45,True
154,89,92,46,21,8,9474,62,43,True
116,57,54,21,45,15,5478,62,36,True
260,114,51,23,118,15,28467,209,91,True
299,112,76,40,116,46,30448,223,72,False
180,82,93,47,13,2,10389,87,35,False
233,50,86,40,110,3,8210,147,10,False
136,128,25,25,0,86,16783,111,103,True
122,117,46,10,19,71,13814,76,107,False
251,114,28,40,166,7,27494,223,74,False
161,94,58,26,51,24,13626,103,68,True
132,95,82,18,7,76,11064,50,77,True
271,127,59,38,146,31,32175,212,89,False
222,64,62,17,140,37,13154,160,47,False
254,123,70,41,178,50,28372,184,82,True
119,140,73,10,19,19,15930,46,130,False
261,140,58,29,102,110,34858,203,111,True
203,55,58,19,16,17,10063,145,36,True
108,135,94,44,1,10,10444,14,91,True
130,82,60,42,25,23,8140,70,40,True
203,148,74,22,78,118,28416,129,126,True
258,138,39,27,113,87,34551,219,111,True
163,100,24,10,77,90,16060,139,90,True
300,138,81,42,49,39,37998,219,96,True
205,80,33,18,89,58,15806,172,62,True
211,60,94,48,64,0,8148,117,12,True
100,134,73,42,10,10,10334,27,92,False
151,71,97,24,32,19,8393,54,47,True
184,79,31,20,47,12,13916,153,59,False
254,137,63,36,34,37,32530,191,101,True
275,55,40,48,118,5,13205,235,7,False
142,125,96,48,41,36,13142,46,77,False
146,88,22,39,37,14,11990,124,49,True
260,111,95,13,107,64,27625,165,98,True
172,93,77,44,55,40,12608,95,49,True
193,114,72,17,19,20,20778,121,97,True
132,78,29,46,36,20,8962,103,32,True
219,89,61,40,93,24,17051,158,49,False
218,71,25,32,35,33,14678,193,39,True
210,110,37,30,145,78,21990,173,80,False
244,92,46,29,119,62,21114,198,63,True
132,55,26,24,101,9,6636,106,31,False
100,127,62,41,4,34,10158,38,86,True
263,92,34,21,102,20,23482,229,71,True
148,149,49,41,92,62,20043,99,108,False
268,94,43,29,84,51,23945,225,65,False
127,107,82,26,43,77,11457,45,81,True
235,105,90,15,104,22,23325,145,90,True
284,145,24,45,72,19,40100,260,100,True
117,123,37,19,1,39,13688,80,104,True
232,70,70,31,126,27,14070,162,39,False
178,58,79,40,60,0,7164,99,18,False
102,57,80,10,14,34,5014,22,47,False
132,57,35,50,81,0,5774,97,7,True
211,84,35,21,156,30,16989,176,63,False
209,106,57,28,104,27,20558,152,78,False
215,99,43,16,87,24,20597,172,83,False
138,72,73,46,25,20,6578,65,26,False
161,100,62,25,56,56,14550,99,75,True
278,109,42,18,90,91,29546,236,91,True
140,124,57,16,60,88,16448,83,108,False
156,57,64,30,48,1,6972,92,27,False
191,149,86,13,42,19,27341,105,136,True
205,75,63,21,32,41,14052,142,54,False
195,126,81,14,55,33,23436,114,112,False
255,65,94,11,82,25,15541,161,54,True
136,88,38,32,84,29,10752,98,56,False
233,97,90,44,43,15,18641,143,53,True
169,115,59,37,25,17,17252,110,78,True
194,115,56,18,135,72,21302,138,97,False
183,62,23,14,151,10,11024,160,48,True
195,102,71,49,20,30,16411,124,53,False
206,87,82,18,46,26,16446,124,69,False
168,138,74,39,84,27,20298,94,99,False
142,54,22,42,4,8,6744,120,12,True
297,55,98,32,6,14,13199,199,23,True
203,63,93,20,70,40,10929,110,43,True
277,57,87,47,123,0,11700,190,10,False
234,57,34,37,173,2,12080,200,20,True
277,116,72,49,64,23,28604,205,67,False
290,127,69,17,122,50,35657,221,110,True
160,62,22,23,88,31,9414,138,39,False
259,119,25,42,83,38,29771,234,77,True
192,55,96,27,26,14,7968,96,28,False
210,124,79,42,27,12,22722,131,82,True
244,104,74,34,11,43,22860,170,70,False
119,53,96,15,17,0,4867,23,38,True
223,97,77,18,65,72,20245,146,79,True
117,101,63,40,7,6,9297,54,61,True
281,53,45,34,25,13,13363,236,19,False
113,104,64,33,6,4,9640,49,71,True
151,105,97,39,23,64,12072,54,66,False
156,76,80,33,17,16,9216,76,43,False
104,50,24,37,70,12,4312,80,13,True
116,57,40,16,5,39,5972,76,41,True
104,123,82,15,17,21,11562,22,108,True
226,84,81,39,96,17,15825,145,45,False
270,113,41,28,167,37,29362,229,85,False
219,106,52,50,27,41,20614,167,56,True
155,117,80,46,10,0,14455,75,71,False
276,149,82,21,167,69,39402,194,128,False
100,52,39,38,25,4,3718,61,14,True
279,149,68,12,24,49,40755,211,137,True
233,131,97,12,117,59,29359,136,119,True
168,106,66,47,29,59,14706,102,59,False
113,143,27,36,15,19,15187,86,107,False
238,104,63,46,33,27,21854,175,58,True
201,145,48,14,74,113,28473,153,131,False
274,75,96,46,53,27,16134,178,29,True
298,129,64,18,149,9,37290,234,111,True
206,81,28,20,52,36,16126,178,61,True
183,138,70,48,12,35,21894,113,90,False
110,136,52,10,20,69,14440,58,126,False
293,115,60,29,22,68,31955,233,86,True
153,78,65,45,70,8,9009,88,33,False
211,62,57,42,39,0,10688,154,20,False
255,89,82,30,51,45,20235,173,59,True
152,82,40,20,95,59,11664,112,62,True
239,119,57,19,62,5,27358,182,100,False
253,83,77,45,10,23,17534,176,38,False
277,56,30,46,164,5,14132,247,10,True
195,140,65,50,0,8,24050,130,90,False
225,138,40,26,50,12,30010,185,112,False
289,108,63,43,169,14,28503,226,65,False
250,61,44,48,93,4,13138,206,13,False
126,131,40,36,68,31,15066,86,95,True
220,77,31,28,10,29,16072,189,49,False
256,84,90,17,132,37,19974,166,67,True
260,143,35,20,115,54,36480,225,123,True
272,103,92,45,175,1,23876,180,58,True
152,79,40,34,3,3,10648,112,45,False
238,102,67,49,21,0,20993,171,53,True
285,83,82,39,146,33,20457,203,44,True
273,140,67,44,43,35,35272,206,96,False
147,127,65,31,35,7,16654,82,96,True
235,147,93,19,41,93,32778,142,128,True
222,118,43,26,135,92,25078,179,92,False
280,73,57,50,178,11,17590,223,23,False
219,137,26,27,177,83,29301,193,110,True
170,134,48,34,6,29,21148,122,100,False
115,69,78,11,4,37,7077,37,58,False
290,52,45,37,126,13,13415,245,15,False
127,88,62,36,5,45,8944,65,52,True
113,137,41,36,0,47,14005,72,101,False
119,135,22,50,91,24,14965,97,85,False
293,94,68,32,168,4,25366,225,62,True
131,104,21,33,22,12,12931,110,71,False
179,92,95,15,14,25,15043,84,77,False
168,115,86,11,22,77,18374,82,104,True
187,133,49,34,4,9,23205,138,99,False
236,78,31,25,138,27,17633,205,53,True
276,62,64,21,30,40,15768,212,41,True
183,78,70,12,5,22,13434,113,66,True
132,69,21,30,78,22,8478,111,39,False
169,87,45,11,60,17,14208,124,76,False
104,140,79,20,1,85,12980,25,120,False
237,123,94,45,105,76,24921,143,78,True
275,61,84,26,24,9,14591,191,35,True
137,112,92,21,16,85,13412,45,91,False
218,144,50,16,8,106,30592,168,128,True
205,96,25,35,61,0,18805,180,61,True
146,104,100,34,18,10,11784,46,70,False
209,70,86,13,106,50,13512,123,57,False
202,135,65,44,125,72,24410,137,91,True
191,97,93,35,4,58,15272,98,62,False
176,82,44,13,52,0,13860,132,69,False
156,115,64,18,22,91,16788,92,97,True
235,149,21,23,140,18,34532,214,126,False
188,96,29,11,101,9,17729,159,85,True
210,65,20,48,64,1,12690,190,17,False
175,106,77,34,45,31,15932,98,72,False
247,126,76,13,66,61,30134,171,113,True
272,134,40,24,229,87,35488,232,110,False
216,58,82,46,40,4,8756,134,12,True
175,137,31,27,76,106,23138,144,110,True
141,66,74,36,34,30,6642,67,30,False
176,56,83,34,85,18,7034,93,22,True
284,50,74,15,205,15,13090,210,35,False
234,145,91,42,134,62,30108,143,103,False
152,133,64,26,7,29,18552,88,107,False
256,56,31,33,141,16,13313,225,23,True
153,65,32,33,108,32,8889,121,32,True
158,61,28,35,87,21,8658,130,26,False
177,103,40,20,45,67,17431,137,83,True
150,101,28,18,117,66,14646,122,83,True
195,106,98,38,55,28,16946,97,68,True
267,95,31,29,214,5,24466,236,66,False
191,92,61,37,81,25,15315,130,55,False
276,66,84,32,157,8,15528,192,34,True
192,75,98,18,91,49,12636,94,57,True
127,73,81,26,44,24,7165,46,47,False
135,81,80,28,34,6,8695,55,53,False
200,57,95,32,24,14,8360,105,25,False
136,65,20,40,20,18,8040,116,25,False
122,148,32,36,40,32,16904,90,112,False
280,70,95,43,123,19,15515,185,27,False
158,97,47,45,36,39,13211,111,52,False
294,86,95,49,96,15,20629,199,37,False
265,58,78,30,2,6,13030,187,28,False
242,122,49,15,46,33,28789,193,107,False
194,50,30,28,0,3,8860,164,22,False
116,129,76,30,0,95,12684,40,99,False
276,144,39,41,94,98,38145,237,103,True
128,142,59,42,45,9,15698,69,100,False
182,106,48,36,101,14,17564,134,70,True
259,50,50,43,91,3,10800,209,7,False
171,150,99,20,51,121,23670,72,130,True
169,93,20,49,142,37,14737,149,44,True
264,126,43,13,179,79,32705,221,113,False
152,123,90,12,18,31,17616,62,111,False
280,112,77,34,91,72,28742,203,78,False
102,51,50,35,23,9,3452,52,16,False
233,100,74,15,117,18,22190,159,85,True
284,111,28,37,15,35,30488,256,74,True
104,111,68,38,20,32,8960,36,73,False
263,63,98,32,150,13,13433,165,31,True
112,118,64,26,19,73,11552,48,92,True
120,148,71,33,33,4,15417,49,115,False
114,77,51,12,1,30,8166,63,65,True
239,69,76,11,147,42,15655,163,58,False
131,109,67,29,38,80,12336,64,80,False
200,50,56,37,50,9,7928,144,13,True
271,150,99,47,13,30,35997,172,103,True
286,87,96,10,120,16,23922,190,77,True
141,133,30,35,38,14,17703,111,98,True
106,98,61,33,6,41,8375,45,65,True
202,109,64,23,119,4,20546,138,86,False
214,147,30,26,153,20,30678,184,121,False
210,102,57,45,125,34,18855,153,57,False
161,88,77,31,30,38,11781,84,57,False
169,90,77,27,71,43,13131,92,63,True
169,64,47,16,75,21,10064,122,48,False
275,100,61,19,105,14,26341,214,81,False
118,118,73,25,20,40,12099,45,93,False
219,76,33,14,99,10,16182,186,62,True
148,78,45,39,16,34,9789,103,39,False
240,107,49,10,143,63,25190,191,97,False
243,80,26,42,146,28,18348,217,38,False
140,68,49,37,16,9,7707,91,31,True
184,58,70,40,76,9,7872,114,18,False
283,115,95,36,93,35,29125,188,79,False
258,71,37,48,6,18,16542,221,23,False
156,82,32,41,53,37,11480,124,41,True
292,126,82,26,17,64,34660,210,100,True
113,147,54,47,25,87,14073,59,100,True
205,146,70,38,21,32,27270,135,108,False
291,122,21,30,92,50,34872,270,92,True
253,67,97,37,24,2,13362,156,30,False
282,112,65,10,146,23,30934,217,102,False
289,109,63,36,3,40,29233,226,73,True
179,122,80,18,35,76,20398,99,104,True
261,131,34,50,71,69,32491,227,81,False
124,60,27,48,88,6,6144,97,12,False
292,145,76,22,14,55,40668,216,123,False
150,67,54,31,91,33,8376,96,36,False
263,83,61,33,138,49,19816,202,50,True
199,123,50,11,14,95,23927,149,112,False
243,147,38,31,89,52,34543,205,116,True
105,106,37,35,54,40,9835,68,71,True
284,133,40,48,175,66,35852,244,85,True
107,83,79,24,22,33,6985,28,59,True
182,131,61,32,109,69,21890,121,99,False
275,54,73,26,193,5,12952,202,28,False
280,105,30,17,178,74,28890,250,88,False
114,58,60,26,45,17,5052,54,32,True
135,99,77,22,32,50,11671,58,77,False
192,69,94,42,68,19,9300,98,27,False
178,64,79,27,1,10,9259,99,37,True
148,57,88,35,7,2,5356,60,22,True
116,114,53,22,47,89,12058,63,92,False
282,117,23,48,29,30,31890,259,69,True
272,63,67,19,25,43,15863,205,44,False
153,88,33,43,105,29,12045,120,45,True
183,69,88,31,68,28,9899,95,38,True
273,63,98,38,95,11,13475,175,25,False
264,67,69,45,168,0,14583,195,22,True
166,68,96,34,8,6,8024,70,34,True
174,93,96,41,65,32,12246,78,52,True
265,68,77,16,53,46,16788,188,52,False
152,75,69,22,82,3,9882,83,53,False
221,130,69,47,66,30,25487,152,83,False
263,67,56,20,143,20,16501,207,47,False
179,66,87,19,40,21,10161,92,47,False
200,56,46,37,149,10,9498,154,19,False
230,113,40,42,42,39,24310,190,71,False
200,123,34,35,51,81,23410,166,88,False
224,131,92,11,126,100,28332,132,120,False
164,81,26,32,103,12,12452,138,49,False
280,120,91,32,79,21,30688,189,88,True
233,146,73,28,62,102,31974,160,118,True
127,96,37,37,84,17,10823,90,59,False
153,149,42,26,67,48,21705,111,123,True
272,144,20,50,29,32,38168,252,94,True
259,50,20,21,98,9,12530,239,29,True
139,97,99,20,37,2,11503,40,77,True
102,96,84,33,4,16,7020,18,63,False
176,112,84,41,8,52,16268,92,71,False
139,90,35,24,30,17,11670,104,66,True
161,144,56,28,7,32,21616,105,116,True
268,112,73,42,130,46,26950,195,70,False
168,95,69,43,82,33,12993,99,52,False
116,89,37,21,26,3,9547,79,68,False
275,118,41,20,228,40,31630,234,98,True
196,57,45,26,81,29,10002,151,31,False
273,64,46,45,200,6,15402,227,19,False
278,91,45,20,19,68,24398,233,71,True
189,65,92,40,10,15,8605,97,25,True
269,115,56,46,35,63,28359,213,69,False
275,90,27,22,188,17,24156,248,68,False
212,78,92,28,64,50,13960,120,50,False
286,147,57,20,96,122,40902,229,127,False
189,94,74,39,34,53,14880,115,55,True
283,61,67,10,28,44,16593,216,51,True
274,133,83,39,43,6,33205,191,94,True
192,118,39,29,9,74,21525,153,89,True
257,58,46,18,156,20,14078,211,40,True
136,110,82,28,19,36,12664,54,82,True
243,51,75,40,56,8,9393,168,11,True
220,134,77,50,11,57,25630,143,84,False
149,68,55,20,54,47,9032,94,48,False
234,90,57,31,96,58,19293,177,59,True
178,69,32,13,44,28,11866,146,56,False
212,66,20,34,148,18,13312,192,32,False
145,54,39,42,52,12,6192,106,12,True
110,54,76,13,27,16,4952,34,41,False
219,150,37,16,160,51,32258,182,134,False
126,150,66,16,24,55,17844,60,134,True
274,70,41,33,200,2,17827,233,37,True
268,130,21,37,0,68,34063,247,93,False
282,91,89,27,150,30,23259,193,64,True
160,81,81,11,45,65,12069,79,70,False
235,125,95,20,47,15,27475,140,105,True
241,61,53,23,164,4,13482,188,38,True
228,144,70,23,32,33,31222,158,121,True
196,116,90,17,42,46,21206,106,99,True
119,74,51,32,38,23,7174,68,42,True
213,70,81,50,119,12,10860,132,20,False
196,55,24,18,83,15,10348,172,37,True
218,98,23,37,114,30,20513,195,61,False
260,82,86,23,1,32,19342,174,59,False
254,126,73,31,14,67,29741,181,95,True
254,50,52,16,33,1,11868,202,34,False
119,96,46,46,46,49,9308,73,50,False
213,119,24,43,69,62,24315,189,76,False
151,83,91,50,48,8,7983,60,33,True
229,84,87,23,0,46,17235,142,61,True
134,89,73,46,34,0,8568,61,43,True
222,56,86,38,90,2,9164,136,18,True
239,72,80,20,147,9,15608,159,52,True
224,83,47,40,104,30,16712,177,43,False
147,57,60,34,50,9,6339,87,23,False
261,90,23,15,185,71,23145,238,75,True
212,149,81,40,1,100,28348,131,109,False
203,77,70,16,97,48,14511,133,61,False
226,73,47,33,71,7,14947,179,40,False
172,68,100,27,62,36,8996,72,41,False
273,79,71,14,199,58,20573,202,65,True
151,89,37,27,69,3,12440,114,62,True
239,67,60,17,145,5,14993,179,50,True
261,145,47,46,73,6,35683,214,99,True
221,99,69,40,127,10,19119,152,59,False
294,123,34,29,87,15,35176,260,94,False
237,60,43,42,24,16,12414,194,18,False
100,62,30,33,61,25,5210,70,29,False
168,133,72,47,64,27,18960,96,86,True
124,65,57,15,10,32,7205,67,50,True
258,135,61,38,153,49,32512,197,97,False
108,58,91,33,0,8,3261,17,25,False
202,107,41,49,156,30,19605,161,58,False
101,65,26,26,39,18,5889,75,39,False
143,69,95,33,15,19,6732,48,36,True
243,63,96,18,55,34,13581,147,45,False
145,54,72,13,69,35,6894,73,41,True
289,124,48,43,72,17,33772,241,81,True
226,53,36,14,134,16,11474,190,39,False
231,56,89,28,70,23,10444,142,28,False
159,66,81,41,27,0,7173,78,25,False
268,80,39,22,79,13,20582,229,58,False
251,137,48,49,63,80,32035,203,88,True
212,111,41,46,34,26,21646,171,65,True
276,148,55,49,78,76,38153,221,99,True
274,89,86,42,79,36,20774,188,47,True
136,72,73,25,61,3,7967,63,47,False
198,63,50,25,44,31,11224,148,38,True
232,69,24,33,159,36,15216,208,36,True
163,104,56,11,78,76,16336,107,93,True
272,139,100,47,28,85,33108,172,92,True
207,90,97,34,3,34,15332,110,56,True
183,117,75,21,22,66,19836,108,96,False
218,129,83,20,117,105,26462,135,109,False
281,133,28,25,1,66,36673,253,108,False
189,125,28,21,17,9,23037,161,104,True
196,50,89,37,95,4,6507,107,13,True
137,113,62,50,19,29,12381,75,63,False
150,116,64,43,1,38,14648,86,73,True
268,91,42,38,216,52,22792,226,53,True
282,117,85,36,151,45,29934,197,81,False
107,142,55,22,2,55,13984,52,120,False
190,110,43,21,50,40,19997,147,89,False
299,115,33,32,164,40,33329,266,83,True
208,130,93,44,58,51,22948,115,86,False
228,68,38,47,162,13,13718,190,21,True
183,84,61,33,38,28,13359,122,51,False
101,118,26,11,69,1,11632,75,107,False
174,91,73,24,49,60,14082,101,67,False
106,111,77,41,25,60,8609,29,70,True
238,58,67,43,15,11,10923,171,15,False
184,137,32,25,12,77,24408,152,112,True
233,131,58,49,122,67,27681,175,82,True
254,71,85,23,10,26,16079,169,48,False
187,132,92,47,51,33,20360,95,85,False
165,82,99,40,27,36,9570,66,42,False
203,85,93,44,105,22,13163,110,41,True
260,95,73,26,0,59,22802,187,69,False
199,121,34,36,22,79,22855,165,85,True
166,78,82,50,45,24,8848,84,28,False
150,75,87,44,39,0,7422,63,31,True
168,91,40,48,2,36,13368,128,43,False
140,125,80,10,25,103,16700,60,115,False
208,69,21,27,178,35,13785,187,42,True
148,73,38,21,25,43,10006,110,52,True
183,105,69,16,45,58,18111,114,89,True
149,107,25,36,73,28,15043,124,71,False
106,61,82,20,14,14,4826,24,41,True
173,124,66,48,47,44,18284,107,76,True
237,135,43,13,93,1,31436,194,122,False
210,67,86,23,33,32,12092,124,44,False
274,134,25,36,125,41,35816,249,98,False
253,130,87,39,139,13,29497,166,91,False
287,136,40,11,64,54,38592,247,125,False
188,77,29,27,9,29,13693,159,50,False
237,129,81,25,93,77,28548,156,104,True
228,144,78,25,98,18,30882,150,119,True
138,94,83,36,24,14,9984,55,58,False
119,58,59,44,13,9,4306,60,14,True
161,74,24,45,67,25,10834,137,29,True
146,63,82,30,42,20,6738,64,33,False
233,76,40,39,48,28,16148,193,37,False
145,77,23,11,113,1,10912,122,66,False
241,116,100,48,41,16,23156,141,68,True
224,57,65,44,25,11,9908,159,13,False
132,110,94,22,37,39,12452,38,88,True
281,96,36,16,206,37,26400,245,80,True
261,121,97,37,12,45,27992,164,84,False
122,113,97,26,9,27,11264,25,87,True
219,59,45,48,146,3,10761,174,11,True
227,78,60,36,41,21,15546,167,42,False
210,54,96,47,66,5,6828,114,7,False
130,123,30,14,25,63,15570,100,109,True
104,150,61,50,21,16,12550,43,100,False
140,108,34,50,12,51,13420,106,58,True
288,103,95,48,99,26,25104,193,55,True
292,86,85,30,28,24,22562,207,56,False
203,70,76,40,12,2,11170,127,30,True
233,89,86,49,139,7,16523,147,40,False
209,54,24,28,104,21,10614,185,26,False
127,109,68,29,17,43,11871,59,80,False
280,62,29,26,179,5,16606,251,36,True
197,77,28,21,59,40,14581,169,56,False
278,119,69,12,163,55,32254,209,107,True
112,57,35,32,64,12,5264,77,25,False
113,90,71,28,30,48,8182,42,62,False
266,83,88,17,172,26,20582,178,66,True
274,65,65,11,102,40,17095,209,54,False
211,56,63,17,74,33,10745,148,39,True
140,78,96,32,0,12,7848,44,46,False
155,80,89,31,14,38,9641,66,49,True
255,62,20,10,186,29,15610,235,52,True
176,111,80,30,80,12,17136,96,81,True
159,79,93,29,32,36,9864,66,50,False
153,134,30,38,123,78,19362,123,96,False
248,56,84,36,95,2,10864,164,20,True
195,120,66,24,87,8,21816,129,96,False
234,69,26,12,154,4,15834,208,57,True
109,100,47,22,11,45,9866,62,78,True
286,129,84,29,87,92,34458,202,100,False
132,121,64,29,12,39,14116,68,92,True
267,78,87,38,130,24,17520,180,40,True
269,76,98,34,58,42,17112,171,42,False
136,78,73,28,42,20,8564,63,50,False
105,127,96,44,3,72,9111,9,83,True
134,114,65,46,66,62,12286,69,68,False
275,70,86,16,16,45,17874,189,54,False
218,133,98,37,18,84,25368,120,96,True
157,86,82,24,53,1,11534,75,62,True
167,92,60,10,100,11,14764,107,82,False
184,51,73,26,67,23,7486,111,25,True
244,106,51,36,116,60,24028,193,70,True
148,119,31,20,113,1,16992,117,99,True
153,73,55,37,14,14,9134,98,36,False
186,107,37,28,121,34,18866,149,79,False
201,86,21,49,73,5,16257,180,37,False
131,88,29,47,49,40,10165,102,41,False
141,139,49,19,47,38,18668,92,120,False
199,102,29,23,165,56,19631,170,79,True
266,128,71,12,105,102,33196,195,116,False
207,140,73,48,14,15,25476,134,92,False
116,51,48,16,60,27,5148,68,35,False
235,120,52,24,93,24,26952,183,96,True
127,78,100,37,20,14,6206,27,41,True
140,52,98,28,20,24,4536,42,24,True
132,114,64,40,43,36,12488,68,74,True
200,58,52,11,40,0,11028,148,47,False
215,64,57,46,79,15,11138,158,18,True
294,75,97,22,138,36,19916,197,53,False
248,78,22,28,79,3,18728,226,50,False
146,112,73,33,48,58,13943,73,79,False
114,114,44,20,69,66,12116,70,94,True
241,148,43,48,97,9,33604,198,100,True
136,59,78,43,10,12,4670,58,16,False
208,80,100,32,25,2,13440,108,48,False
133,129,77,17,46,61,15848,56,112,True
114,51,68,11,21,31,5066,46,40,True
155,112,20,41,98,32,16540,135,71,False
274,109,94,49,58,12,25260,180,60,False
137,51,29,35,14,14,5972,108,16,True
292,100,20,31,189,65,28580,272,69,False
265,131,31,33,229,12,33692,234,98,True
162,140,36,20,8,88,21960,126,120,False
171,82,81,41,51,18,10701,90,41,True
137,115,42,30,51,67,14495,95,85,True
168,80,67,10,36,41,12770,101,70,False
191,71,30,47,161,19,12151,161,24,True
274,90,94,11,150,68,23626,180,79,False
145,78,43,45,65,20,9375,102,33,False
235,140,81,31,2,42,30389,154,109,True
270,134,25,12,158,103,35880,245,122,True
116,143,54,48,14,33,13996,62,95,False
115,103,42,28,58,4,10669,73,75,True
189,106,47,48,33,26,17778,142,58,True
163,148,53,49,99,24,21527,110,99,True
278,112,70,49,134,0,27706,208,63,False
172,70,88,41,68,7,8432,84,29,False
226,109,72,41,72,9,21682,154,68,True
239,55,48,33,65,3,11561,191,22,False
138,131,22,28,46,12,17462,116,103,True
234,125,40,21,133,81,28410,194,104,True
272,113,71,40,154,20,27896,201,73,True
250,127,84,46,42,50,27886,166,81,True
207,56,35,49,138,5,9877,172,7,False
249,123,37,35,49,71,29332,212,88,False
228,101,37,18,98,41,22362,191,83,False
154,95,52,26,40,31,13278,102,69,False
175,148,26,36,134,9,24964,149,112,False
106,102,96,15,5,70,9372,10,87,True
126,61,95,49,7,3,3031,31,12,False
223,56,94,49,46,6,7882,129,7,True
121,122,30,16,88,2,14282,91,106,False
106,97,66,31,0,15,8236,40,66,False
299,123,94,16,93,35,35273,205,107,False
259,54,61,12,56,26,13254,198,42,True
182,98,85,34,35,32,14946,97,64,True
209,149,78,18,113,121,29737,131,131,False
252,92,89,31,86,27,20425,163,61,True
100,113,88,49,10,33,6988,12,64,True
262,80,41,45,60,15,19115,221,35,False
299,64,59,14,219,21,18310,240,50,True
117,142,77,49,20,57,12841,40,93,True
246,58,33,49,146,5,12651,213,9,True
151,54,87,23,41,18,6153,64,31,False
259,99,38,43,92,29,24007,221,56,True
267,107,46,43,45,27,26591,221,64,False
223,127,87,14,93,22,27103,136,113,True
283,107,49,45,57,40,28076,234,62,True
239,58,33,17,30,6,13301,206,41,False
295,131,100,43,187,41,34345,195,88,True
140,58,25,31,23,16,7345,115,27,True
248,139,90,28,115,20,31952,158,111,False
166,104,31,18,113,13,16706,135,86,True
224,118,62,23,154,34,25006,162,95,True
155,54,31,43,118,6,7037,124,11,False
295,56,88,42,142,11,12824,207,14,False
149,121,97,11,17,29,16962,52,110,True
176,118,63,16,100,53,19760,113,102,True
160,103,94,47,40,48,12062,66,56,False
139,86,92,10,12,25,11034,47,76,True
166,101,20,14,5,34,16486,146,87,False
164,85,89,42,13,2,10202,75,43,True
186,131,84,15,100,18,23106,102,116,False
163,50,77,27,67,18,6071,86,23,False
168,127,95,27,53,99,18771,73,100,False
127,91,64,17,4,26,10469,63,74,False
185,81,46,42,25,21,13053,139,39,False
153,50,39,33,43,11,6363,114,17,False
107,88,49,27,35,50,8093,58,61,True
101,105,67,42,4,26,7791,34,63,True
142,130,23,19,0,7,18023,119,111,False
199,65,32,46,137,1,11463,167,19,False
127,110,74,12,32,90,13082,53,98,True
158,80,33,11,113,10,12277,125,69,True
299,141,99,18,62,84,40377,200,123,False
232,61,36,28,135,10,13144,196,33,True
214,59,44,48,34,11,10514,170,11,False
161,105,68,27,90,56,15069,93,78,True
270,110,85,35,34,9,26725,185,75,True
255,92,44,28,46,0,22228,211,64,True
149,86,53,31,62,42,11171,96,55,True
133,90,75,42,24,11,8820,58,48,False
171,94,86,36,38,19,12978,85,58,False
150,65,97,11,15,52,8683,53,54,False
125,136,76,38,14,70,14112,49,98,True
104,139,99,20,4,79,12476,5,119,True
197,67,52,25,112,19,11899,145,42,True
230,141,92,32,32,22,29486,138,109,True
272,100,27,10,46,30,26930,245,90,False
140,93,32,10,27,24,12700,108,83,True
253,146,21,38,231,40,36140,232,108,True
184,93,31,44,75,3,15748,153,49,False
135,137,63,17,0,4,17424,72,120,True
119,132,91,13,0,42,14525,28,119,True
217,121,50,26,22,20,24957,167,95,True
234,72,85,28,111,21,14468,149,44,False
268,145,50,36,42,72,37060,218,109,False
161,56,76,33,84,19,6508,85,23,True
176,50,54,45,61,5,6370,122,5,True
117,56,87,17,30,7,5073,30,39,False
253,81,63,25,186,36,18918,190,56,False
285,60,85,10,22,47,16250,200,50,False
124,77,41,25,72,8,8523,83,52,False
160,123,93,21,44,95,17727,67,102,True
221,145,65,25,129,111,30420,156,120,False
134,99,54,26,60,31,11862,80,73,True
129,67,72,22,4,31,7059,57,45,True
275,131,44,35,203,40,34485,231,96,False
261,113,58,39,67,9,27231,203,74,True
296,119,87,46,170,42,31222,209,73,False
221,59,27,18,67,7,12553,194,41,False
167,96,57,16,44,15,15120,110,80,False
259,145,33,45,193,15,36070,226,100,True
151,131,42,10,41,82,19361,109,121,False
193,58,99,35,12,3,7729,94,23,True
230,50,44,45,140,4,9520,186,5,False
269,52,70,31,119,14,11818,199,21,False
155,89,47,30,20,29,12385,108,59,True
186,64,55,24,17,15,10584,131,40,True
250,77,68,44,159,4,16258,182,33,True
200,106,87,36,69,25,18068,113,70,True
111,102,100,10,8,30,10322,11,92,True
229,148,99,10,85,112,32902,130,138,False
238,107,86,20,117,57,23746,152,87,False
193,115,84,14,88,37,21019,109,101,False
184,73,26,23,101,20,12834,158,50,False
114,130,59,16,13,11,13876,55,114,True
270,105,41,47,138,45,26423,229,58,False
109,77,70,48,26,13,5033,39,29,False
132,72,71,37,27,33,6877,61,35,False
166,126,27,14,26,24,20538,139,112,True
154,111,71,35,37,35,14609,83,76,False
279,112,52,43,162,60,29012,227,69,True
205,148,78,12,16,101,29404,127,136,True
297,82,47,48,233,18,22098,250,34,False
261,109,82,17,135,37,27055,179,92,False
106,105,30,49,23,19,9660,76,56,False
219,64,58,30,21,1,12276,161,34,True
121,103,68,41,2,1,9675,53,62,False
275,102,59,36,175,28,25926,216,66,False
156,74,68,24,75,9,9912,88,50,True
108,52,65,22,21,3,4186,43,30,True
262,126,98,48,163,18,28308,164,78,False
238,53,25,46,58,4,11464,213,7,False
113,101,44,13,45,65,10841,69,88,False
256,81,89,26,49,8,18422,167,55,True
111,106,60,36,17,56,9606,51,70,False
268,142,53,19,56,26,37049,215,123,True
188,99,24,45,9,2,17532,164,54,True
248,143,63,31,68,45,33511,185,112,False
135,136,86,25,20,73,16210,49,111,True
179,139,46,12,96,72,24329,133,127,False
106,104,48,48,42,10,8720,58,56,False
197,65,63,40,110,11,10285,134,25,False
241,99,27,44,55,44,22671,214,55,False
140,78,96,33,21,27,7752,44,45,False
186,74,88,20,27,40,12004,98,54,True
268,75,85,34,16,2,17210,183,41,True
300,118,48,15,143,5,34680,252,103,True
245,108,23,10,156,97,26230,222,98,False
237,141,62,50,136,83,30317,175,91,False
278,71,38,22,131,14,18902,240,49,False
209,71,97,36,66,14,11347,112,35,True
202,54,76,17,64,25,9616,126,37,True
194,68,37,39,39,14,11749,157,29,False
104,79,60,10,11,22,7616,44,69,False
194,63,51,44,78,6,9978,143,19,False
289,135,66,28,135,76,37167,223,107,True
279,124,92,13,186,2,33400,187,111,True
257,116,76,42,27,12,26620,181,74,True
129,125,57,18,59,80,15099,72,107,True
123,150,26,30,89,56,17670,97,120,True
216,83,32,47,120,27,16424,184,36,False
215,125,96,32,41,43,23803,119,93,False
201,89,73,20,34,63,16429,128,69,True
139,139,84,32,2,15,16633,55,107,False
229,101,21,31,133,27,22478,208,70,True
247,109,81,47,25,34,23116,166,62,True
190,80,87,15,89,46,13895,103,65,False
245,60,32,19,204,17,14092,213,41,True
299,133,21,35,86,44,39032,278,98,False
254,141,69,35,96,64,33399,185,106,False
133,129,82,29,26,59,14779,51,100,False
116,108,44,47,5,57,10460,72,61,False
123,114,88,27,31,13,11646,35,87,False
116,67,37,11,73,30,7365,79,56,False
103,143,39,12,60,86,14261,64,131,False
134,61,59,50,68,11,5224,75,11,True
190,125,91,24,68,95,21566,99,101,False
174,92,39,27,43,2,14955,135,65,True
263,96,30,23,70,44,24558,233,73,False
109,118,25,29,45,75,12137,84,89,True
236,147,38,20,55,99,33932,198,127,True
261,123,76,50,38,2,28303,185,73,False
130,65,81,20,13,38,6830,49,45,False
171,84,90,13,76,10,13194,81,71,True
148,91,80,41,67,2,10188,68,50,True
191,105,52,42,68,40,17871,139,63,True
291,149,52,50,78,8,40759,239,99,False
209,110,21,27,81,69,22423,188,83,False
241,133,24,30,144,12,31333,217,103,True
132,102,33,32,12,40,12408,99,70,False
188,91,84,38,45,5,13916,104,53,True
146,147,76,16,6,25,20246,70,131,True
144,119,59,39,69,30,14835,85,80,True
237,97,77,12,107,79,22065,160,85,True
273,62,28,50,245,1,15526,245,12,True
181,92,30,15,39,23,16202,151,77,True
159,150,37,46,9,37,22148,122,104,True
108,90,31,22,57,51,9038,77,68,True
295,66,68,17,154,30,18314,227,49,True
268,87,65,35,194,18,21041,203,52,False
206,93,43,48,52,8,17094,163,45,True
256,106,45,10,16,4,26686,211,96,True
249,115,61,28,168,38,26927,188,87,True
134,146,90,21,31,83,17674,44,125,True
249,58,53,48,33,10,11898,196,10,False
245,52,94,37,52,10,9262,151,15,False
298,62,34,29,132,12,17490,264,33,True
207,146,68,21,127,88,28794,139,125,True
247,72,94,41,115,14,13930,153,31,True
225,102,32,10,15,56,22630,193,92,True
283,109,97,11,153,57,29780,186,98,False
214,60,62,23,46,10,11414,152,37,False
223,82,54,45,114,31,15856,169,37,False
116,126,46,31,25,93,13190,70,95,True
240,68,63,28,122,30,14556,177,40,True
141,110,30,13,77,6,15120,111,97,True
130,57,73,30,6,9,5220,57,27,True
138,139,40,46,17,39,17342,98,93,True
250,100,97,26,79,33,22478,153,74,True
284,100,90,18,50,73,26780,194,82,False
274,136,44,10,71,4,36824,230,126,True
238,150,52,26,92,72,34348,186,124,False
218,79,27,37,83,2,16223,191,42,True
156,134,49,33,104,42,19287,107,101,True
227,96,75,27,26,58,19767,152,69,False
263,96,55,38,170,14,23158,208,58,True
119,139,67,26,24,21,14799,52,113,True
119,82,25,20,50,37,9258,94,62,False
180,107,77,23,1,48,17489,103,84,False
187,129,48,49,56,71,21771,139,80,True
225,119,33,44,90,11,25323,192,75,True
211,137,38,23,24,21,28033,173,114,True
165,141,91,37,17,35,19898,74,104,False
211,137,48,27,67,108,27611,163,110,False
208,116,81,20,6,71,22508,127,96,False
273,134,66,47,11,65,33480,207,87,False
108,86,37,48,11,30,7512,71,38,True
193,50,32,28,17,6,8754,161,22,False
101,107,25,36,21,2,9907,76,71,False
274,68,88,42,12,20,14936,186,26,False
106,137,47,38,14,62,12736,59,99,False
177,131,47,22,32,8,22153,130,109,True
218,61,72,16,127,3,12146,146,45,False
149,94,24,10,23,37,13766,125,84,True
136,117,61,15,31,80,14997,75,102,True
126,139,100,22,23,74,15314,26,117,True
158,136,75,13,80,98,20513,83,123,False
273,84,46,44,88,24,20908,227,40,False
225,51,84,10,38,22,10635,141,41,True
158,131,91,16,10,60,19242,67,115,False
186,125,41,46,4,57,21364,145,79,False
206,91,30,41,36,28,17516,176,50,True
198,113,89,45,80,0,18369,109,68,False
270,53,92,45,123,8,10170,178,8,True
216,127,82,40,46,77,24152,134,87,False
253,141,74,21,95,28,34119,179,120,False
229,142,42,23,17,100,31552,187,119,True
147,123,75,33,33,65,15606,72,90,True
142,136,28,37,15,54,18276,114,99,False
107,141,42,20,5,30,14247,65,121,True
255,132,36,26,35,68,32724,219,106,True
183,124,79,13,77,95,21665,104,111,False
245,107,91,41,13,41,22484,154,66,True
182,143,82,42,83,3,22582,100,101,False
194,60,36,18,147,38,10992,158,42,True
249,84,87,49,135,21,16653,162,35,True
204,96,21,23,83,46,19101,183,73,False
238,55,79,48,88,7,9298,159,7,False
121,107,85,35,3,46,9972,36,72,True
287,94,88,42,99,52,23282,199,52,True
268,52,66,42,107,10,11164,202,10,True
291,129,56,26,184,59,36083,235,103,False
268,83,92,43,97,15,18288,176,40,False
181,84,64,47,82,13,12196,117,37,False
137,106,47,34,0,3,12924,90,72,True
252,117,89,27,47,37,27081,163,90,False
151,100,68,48,25,7,11836,83,52,True
112,54,68,24,31,25,4416,44,30,False
273,89,95,43,85,30,20212,178,46,False
223,125,72,21,90,102,26363,151,104,False
131,74,79,23,31,1,7877,52,51,True
137,59,62,41,6,0,5541,75,18,False
120,74,85,24,34,3,6840,35,50,True
221,59,41,31,89,15,11768,180,28,True
100,112,77,50,22,62,7350,23,62,True
283,67,98,49,91,11,14159,185,18,True
160,72,72,40,87,28,8640,88,32,False
168,119,77,30,73,36,17682,91,89,False
217,90,88,19,29,13,17858,129,71,False
233,66,87,38,7,13,12072,146,28,True
174,143,64,48,60,2,21810,110,95,True
284,77,50,28,181,28,20468,234,49,False
107,122,40,25,15,67,12054,67,97,True
245,53,92,27,78,3,10501,153,26,False
268,108,62,34,136,18,26836,206,74,False
138,148,89,29,25,84,17843,49,119,False
227,105,88,19,92,44,22163,139,86,False
282,99,50,47,195,20,25568,232,52,True
278,148,39,16,110,72,40520,239,132,True
293,79,63,23,52,8,21698,230,56,False
291,135,32,23,212,51,38549,259,112,True
221,146,33,35,58,88,31111,188,111,False
142,50,33,12,48,14,6704,109,38,False
112,98,57,30,3,59,9266,55,68,True
124,87,34,11,26,39,10414,90,76,True
151,70,72,15,69,9,9490,79,55,False
270,88,49,20,84,39,22780,221,68,True
298,51,62,36,164,0,12966,236,15,True
145,115,28,42,5,41,15499,117,73,True
277,148,39,29,61,16,39865,238,119,False
239,114,95,40,73,74,23446,144,74,False
150,147,41,30,27,4,20820,109,117,False
137,62,64,11,7,5,7790,73,51,False
112,90,55,33,8,31,8265,57,57,False
265,107,45,31,28,22,26960,220,76,False
100,90,65,41,19,7,6335,35,49,True
104,131,83,36,5,40,10636,21,95,True
134,115,62,14,58,100,14542,72,101,True
154,98,87,30,38,42,12482,67,68,True
222,55,84,22,62,11,10362,138,33,False
259,100,70,36,150,6,23380,189,64,False
199,67,48,14,83,50,12661,151,53,False
294,57,96,11,71,26,15702,198,46,True
252,68,75,44,114,14,13836,177,24,True
205,76,94,26,94,24,13136,111,50,False
108,64,34,43,71,1,5450,74,21,True
130,50,88,37,9,2,3244,42,13,False
161,53,33,15,84,20,8038,128,38,True
294,105,41,38,76,56,29312,253,67,True
187,128,75,21,11,89,22361,112,107,False
131,78,51,40,62,29,8178,80,38,False
207,141,39,30,92,51,28017,168,111,False
171,115,90,12,47,59,18585,81,103,False
261,95,93,45,159,45,20610,168,50,False
253,96,33,20,31,44,23628,220,76,True
226,139,94,33,0,74,28312,132,106,False
128,146,37,23,69,84,17837,91,123,False
260,50,96,29,35,2,10216,164,21,True
198,142,96,20,30,21,26196,102,122,False
194,85,68,41,0,33,13702,126,44,False
242,102,28,42,124,24,23508,214,60,False
103,100,65,41,3,26,7635,38,59,True
144,71,40,37,43,26,8744,104,34,False
204,64,26,16,33,24,12640,178,48,True
110,120,60,12,41,62,12480,50,108,True
250,109,91,22,134,72,25248,159,87,True
299,74,32,17,172,36,21582,267,57,False
207,99,62,13,68,74,19687,145,86,False
152,53,61,25,2,25,6531,91,28,False
181,110,88,13,18,48,18766,93,97,True
216,79,38,42,78,18,15468,178,37,False
111,87,45,20,62,38,8757,66,67,False
255,71,96,16,12,33,16569,159,55,True
251,119,20,16,1,65,29549,231,103,False
260,100,80,45,81,11,22400,180,55,False
142,99,90,50,26,27,9558,52,49,False
119,107,88,11,20,8,11765,31,96,False
192,80,30,10,95,14,15060,162,70,True
115,106,93,50,16,55,7540,22,56,False
132,120,71,30,2,56,13710,61,90,False
115,111,84,16,25,13,11421,31,95,False
252,54,29,20,9,8,13028,223,34,False
230,53,65,11,130,21,11475,165,42,False
252,92,93,22,1,23,21138,159,70,False
243,136,57,24,22,73,31680,186,112,False
193,145,87,19,0,85,26332,106,126,True
160,133,55,20,56,25,20180,105,113,False
170,120,87,12,71,51,19356,83,108,False
248,122,39,21,63,41,29437,209,101,False
165,67,55,28,59,19,9515,110,39,False
244,72,38,15,120,14,16998,206,57,False
280,141,70,24,95,10,37800,210,117,True
228,52,47,32,0,6,10352,181,20,True
191,132,51,35,75,91,23427,140,97,False
197,149,53,26,4,26,27975,144,123,True
188,69,90,38,82,1,9552,98,31,True
168,82,32,38,20,36,12560,136,44,False
216,69,24,32,128,37,14136,192,37,False
290,75,44,49,117,11,19594,246,26,True
150,60,42,21,73,18,8118,108,39,True
170,140,98,50,2,63,18900,72,90,False
257,52,77,15,147,21,12209,180,37,False
262,143,49,11,174,28,36927,213,132,False
105,77,89,50,6,22,3635,16,27,True
288,107,68,43,63,9,27892,220,64,False
248,92,39,36,199,51,21412,209,56,False
188,136,97,32,84,91,22464,91,104,False
247,109,87,48,80,53,22747,160,61,False
148,73,79,36,54,0,7960,69,37,True
272,61,37,25,204,24,15667,235,36,True
136,127,94,20,27,41,15392,42,107,True
215,107,71,33,89,3,20662,144,74,False
238,148,33,24,29,70,34432,205,124,True
274,111,24,29,66,35,29718,250,82,False
220,104,25,18,31,31,22430,195,86,True
112,120,32,35,9,85,12320,80,85,True
264,124,81,37,175,73,29739,183,87,True
110,93,100,11,9,44,9130,10,82,False
162,83,86,26,55,52,11210,76,57,False
108,74,68,21,28,32,6564,40,53,True
190,93,80,23,41,7,15830,110,70,True
250,93,41,11,177,5,22799,209,82,True
270,118,49,11,152,27,31321,221,107,False
239,122,64,26,168,38,27494,175,96,False
290,71,83,29,62,17,18183,207,42,True
271,128,66,48,68,68,31520,205,80,True
267,89,76,47,107,4,20191,191,42,False
204,134,89,39,15,85,23865,115,95,True
242,120,46,22,32,11,28028,196,98,True
122,134,85,24,4,21,14308,37,110,False
163,71,43,21,99,48,10670,120,50,True
149,126,29,42,70,26,17556,120,84,False
111,109,51,13,20,85,11436,60,96,True
164,142,80,30,21,24,20888,84,112,True
130,89,24,16,31,46,11186,106,73,False
157,102,93,12,23,71,14898,64,90,True
219,88,73,27,125,27,17301,146,61,True
220,50,94,17,42,3,9402,126,33,False
223,132,79,34,48,9,26750,144,98,True
269,130,97,41,99,87,30993,172,89,False
249,55,48,43,17,7,11631,201,12,False
237,143,35,22,202,95,33121,202,121,True
258,144,42,49,126,36,35094,216,95,False
245,109,96,47,42,62,22193,149,62,True
128,71,65,44,50,15,6228,63,27,False
138,104,70,17,36,46,13162,68,87,True
190,82,55,41,100,14,13325,135,41,True
271,86,95,28,119,12,20646,176,58,True
167,91,61,12,58,28,14465,106,79,True
210,52,86,37,74,3,7738,124,15,False
224,134,32,27,49,27,29152,192,107,False
197,130,42,43,28,7,23804,155,87,True
172,118,76,12,50,93,19384,96,106,False
288,83,100,41,16,24,19804,188,42,True
287,64,20,46,46,5,17448,267,18,True
182,54,53,14,129,2,9086,129,40,True
104,128,26,28,9,4,12584,78,100,False
183,52,38,10,58,9,9136,145,42,False
184,143,31,27,48,2,25475,153,116,False
215,60,60,39,97,2,10560,155,21,False
109,114,70,44,22,33,9346,39,70,True
278,147,71,17,182,39,39659,207,130,False
288,115,42,13,173,14,32574,246,102,False
264,149,44,27,25,87,38148,220,122,False
210,128,94,42,15,63,22932,116,86,True
286,105,54,20,129,41,28950,232,85,True
143,107,48,28,63,42,13957,95,79,False
128,138,55,11,57,2,17059,73,127,True
245,68,61,41,111,5,14159,184,27,False
132,147,51,38,50,70,17466,81,109,False
274,109,64,29,206,59,28010,210,80,False
232,82,25,22,97,0,18474,207,60,True
130,134,94,33,16,66,14318,36,101,False
118,73,93,46,16,15,4336,25,27,True
202,127,91,37,23,58,22287,111,90,False
236,144,42,11,166,121,33522,194,133,False
131,93,90,23,26,27,10113,41,70,True
223,80,45,43,58,17,15905,178,37,True
143,79,49,37,36,9,9484,94,42,False
197,137,31,34,79,50,25935,166,103,True
191,76,40,37,143,13,13036,151,39,False
283,88,40,14,145,15,24344,243,74,False
146,71,68,22,19,11,8870,78,49,False
201,97,57,38,18,11,17331,144,59,False
134,62,85,16,47,7,6948,49,46,True
107,74,77,38,8,16,4992,30,36,False
118,88,94,45,8,19,6154,24,43,False
123,124,54,24,2,6,13956,69,100,True
231,106,84,32,144,37,21798,147,74,False
122,77,38,20,59,30,8634,84,57,True
139,58,50,25,25,1,6812,89,33,False
255,79,25,31,44,20,19370,230,48,True
151,64,24,34,11,16,8848,127,30,True
280,132,62,40,83,2,34480,218,92,True
208,91,85,25,82,50,16803,123,66,False
220,119,48,12,45,12,25604,172,107,False
177,100,93,24,64,21,15468,84,76,True
137,77,62,27,5,28,8875,75,50,False
156,59,34,37,33,16,7946,122,22,False
171,120,60,10,93,79,19920,111,110,True
104,124,68,31,31,29,10788,36,93,False
210,136,46,42,76,34,26628,164,94,True
267,51,31,31,233,20,12656,236,20,True
256,126,72,41,171,72,29304,184,85,False
157,115,80,36,0,63,15175,77,79,True
204,82,74,44,128,21,13472,130,38,True
179,74,42,36,100,15,11734,137,38,True
100,98,59,37,4,52,7617,41,61,False
299,150,86,18,170,8,43302,213,132,True
111,108,23,37,32,30,11137,88,71,False
182,136,87,21,43,90,22925,95,115,False
100,97,86,50,4,46,5400,14,47,False
243,142,81,49,41,76,30537,162,93,True
287,99,84,36,133,8,25389,203,63,False
112,94,83,11,25,25,9615,29,83,True
221,130,45,50,141,43,26480,176,80,True
158,112,98,12,26,76,16520,60,100,True
279,90,65,27,209,13,23355,214,63,False
149,131,87,46,3,44,15517,62,85,False
210,78,30,20,56,34,15780,180,58,True
120,66,89,49,27,2,3559,31,17,True
216,149,52,48,1,64,29688,164,101,False
141,69,44,46,94,0,7705,97,23,True
253,111,82,11,120,13,27181,171,100,False
263,71,84,45,79,4,14893,179,26,True
164,101,64,49,55,46,13428,100,52,False
160,121,85,43,1,4,15705,75,78,True
213,140,71,32,12,66,27548,142,108,False
289,109,79,15,19,84,30316,210,94,True
138,143,35,15,78,112,19209,103,128,False
134,96,40,21,10,7,12024,94,75,True
206,51,78,14,102,16,9414,128,37,False
276,56,35,14,172,15,14966,241,42,False
216,62,56,33,92,3,11544,160,29,True
148,84,66,47,14,16,9330,82,37,False
249,87,69,10,160,39,20973,180,77,False
171,90,54,46,64,1,12906,117,44,False
247,119,28,31,88,82,28525,219,88,False
186,106,38,35,79,57,18386,148,71,True
278,56,88,13,120,6,14424,190,43,False
230,98,80,48,145,32,18700,150,50,True
178,131,27,35,123,80,22373,151,96,True
166,70,82,40,25,24,8340,84,30,True
175,106,79,46,85,1,14916,96,60,False
121,94,93,46,7,43,7096,28,48,False
274,143,74,34,2,17,36666,200,109,False
294,119,58,24,145,37,33594,236,95,True
227,106,24,18,77,61,23630,203,88,True
261,140,39,16,207,23,35916,222,124,True
194,114,49,20,5,66,21136,145,94,False
167,82,22,27,144,2,13100,145,55,False
203,54,23,13,116,2,10663,180,41,True
178,64,22,25,99,1,10842,156,39,True
223,120,62,13,94,61,25954,161,107,True
137,86,40,11,93,62,11342,97,75,False
112,92,36,49,12,13,8540,76,43,True
104,84,82,39,13,8,5538,22,45,False
106,108,75,46,25,23,7998,31,62,False
240,91,86,12,99,21,20808,154,79,False
130,78,38,39,32,8,8658,92,39,True
121,53,91,13,22,29,5230,30,40,True
215,137,66,33,11,67,27277,149,104,True
206,95,70,37,13,50,16980,136,58,True
157,57,34,17,81,20,8371,123,40,True
275,96,53,44,214,41,24068,222,52,False
268,64,34,27,23,20,16234,234,37,False
274,123,92,50,159,6,29102,182,73,False
104,68,70,24,0,6,5392,34,44,False
275,107,55,47,214,20,26840,220,60,False
111,109,99,10,1,27,11109,12,99,False
300,126,32,25,222,46,37000,268,101,False
105,77,87,36,10,23,4953,18,41,False
276,137,39,21,60,93,36993,237,116,False
231,62,40,33,158,24,13002,191,29,False
284,148,44,33,174,95,40580,240,115,False
198,107,87,16,88,25,19794,111,91,True
203,141,67,23,63,96,27082,136,118,False
209,136,90,20,66,69,26624,119,116,True
230,67,76,42,96,6,12218,154,25,True
224,75,95,29,30,39,14045,129,46,False
203,74,49,50,81,14,12572,154,24,False
287,120,75,35,84,60,31815,212,85,False
206,127,25,30,83,93,25412,181,97,False
194,114,32,46,20,8,20644,162,68,True
130,136,47,17,23,15,16881,83,119,True
256,69,89,35,51,19,14549,167,34,False
100,101,82,31,9,55,7558,18,70,True
202,131,49,42,76,0,24404,153,89,False
138,109,44,26,45,61,13898,94,83,True
243,78,37,35,126,24,17659,206,43,True
299,84,67,20,136,3,23776,232,64,True
162,134,59,31,95,45,19879,103,103,False
179,119,32,13,67,72,20885,147,106,False
199,99,53,18,84,46,18747,146,81,True
168,50,62,37,38,4,6106,106,13,True
286,72,77,20,175,47,19052,209,52,True
300,67,60,22,1,24,18780,240,45,False
216,109,56,44,154,33,21080,160,65,True
244,135,55,33,7,15,31125,189,102,True
221,143,23,30,83,111,30913,198,113,False
205,130,59,34,125,2,24644,146,96,False
109,111,22,29,51,29,11461,87,82,False
258,94,80,21,139,40,22572,178,73,False
209,91,67,48,12,8,15803,142,43,False
196,133,92,20,101,76,24228,104,113,False
125,149,82,31,24,107,16083,43,118,False
117,94,69,31,4,7,8859,48,63,False
285,99,25,35,135,64,27340,260,64,False
187,108,53,44,84,52,17864,134,64,True
245,139,71,26,75,17,32209,174,113,True
285,85,41,44,9,21,22421,244,41,False
135,130,86,30,15,32,14970,49,100,False
282,128,59,29,132,47,34385,223,99,False
111,69,56,25,36,29,6259,55,44,False
166,60,83,18,60,8,8466,83,42,False
258,70,30,38,174,16,16920,228,32,False
110,148,77,18,16,66,14894,33,130,False
198,132,63,34,132,3,23994,135,98,True
294,108,47,10,155,47,31282,247,98,False
113,144,57,43,15,12,13821,56,101,False
298,112,53,27,174,25,31945,245,85,False
281,138,81,18,1,10,37320,200,120,True
296,60,81,35,177,18,14925,215,25,False
180,120,52,10,73,86,21080,128,110,True
258,84,22,17,3,67,21298,236,67,True
240,75,89,24,91,12,15864,151,51,True
193,131,72,32,66,36,22979,121,99,False
291,76,73,24,201,15,20364,218,52,True
216,94,49,34,138,32,18638,167,60,False
292,75,78,21,22,19,20262,214,54,True
177,68,68,28,73,0,10132,109,40,True
195,95,54,49,126,25,15879,141,46,True
222,92,49,38,43,12,18562,173,54,False
251,120,48,36,78,23,28392,203,84,True
134,122,89,47,38,46,12165,45,75,False
256,144,31,50,213,19,35314,225,94,True
277,135,45,14,99,68,36765,232,121,False
247,69,69,28,46,29,15111,178,41,False
293,115,68,27,66,56,31859,225,88,True
202,86,38,29,99,48,16270,164,57,False
195,118,69,42,5,19,20112,126,76,True
183,127,55,44,86,46,20821,128,83,True
232,61,91,20,133,18,12332,141,41,False
100,144,83,45,17,50,10665,17,99,False
286,132,88,29,112,14,35200,198,103,True
143,89,74,16,30,43,11543,69,73,False
100,111,42,30,17,16,9840,58,81,False
166,140,89,22,61,100,21282,77,118,True
139,95,67,35,59,2,10860,72,60,True
102,93,24,46,11,22,8382,78,47,True
115,99,51,33,21,0,9702,64,66,False
123,56,100,30,16,18,3888,23,26,True
210,69,39,27,118,28,13437,171,42,True
141,130,91,20,49,70,16510,50,110,True
230,119,44,25,144,81,26270,186,94,True
290,106,88,27,22,23,28364,202,79,True
247,50,58,48,138,2,9566,189,2,True
258,149,72,46,17,64,35130,186,103,False
154,78,39,13,1,53,11505,115,65,False
221,123,97,42,123,7,23109,124,81,True
145,80,32,19,42,38,10992,113,61,True
204,127,51,49,113,50,23409,153,78,True
188,71,39,19,105,32,12607,149,52,True
125,142,93,11,3,87,16727,32,131,True
286,104,39,43,216,50,28067,247,61,False
179,99,29,49,113,3,16300,150,50,True
262,79,41,34,138,10,19304,221,45,True
148,93,45,29,2,44,12459,103,64,False
110,85,89,14,7,15,8104,21,71,False
204,61,23,38,131,3,11570,181,23,True
183,68,33,30,80,19,11454,150,38,True
138,103,67,35,64,59,11869,71,68,True
121,67,21,44,44,2,7183,100,23,False
131,146,87,25,44,88,16951,44,121,False
146,106,68,17,0,88,14320,78,89,True
188,122,52,10,88,56,22416,136,112,False
194,119,58,26,67,74,21578,136,93,False
122,133,57,14,49,73,15428,65,119,False
111,72,59,12,13,43,7284,52,60,True
203,105,92,37,38,25,17911,111,68,True
195,74,40,49,146,6,12470,155,25,False
115,79,57,13,33,10,8344,58,66,False
168,137,77,39,23,22,20013,91,98,True
125,112,94,43,17,34,9958,31,69,True
152,67,93,33,10,21,7115,59,34,False
197,100,45,39,18,40,17945,152,61,True
215,123,67,10,84,33,25775,148,113,False
149,84,57,45,65,17,9951,92,39,False
265,113,79,13,66,28,28918,186,100,True
241,85,62,17,62,7,19431,179,68,False
105,89,84,33,9,13,6573,21,56,True
200,112,52,23,89,70,21204,148,89,True
205,127,32,38,95,13,24819,173,89,True
121,100,45,13,64,25,11515,76,87,False
217,147,85,14,88,49,30709,132,133,False
161,63,34,28,54,20,9191,127,35,True
291,123,58,14,47,22,34981,233,109,False
274,113,37,14,76,73,30444,237,99,True
261,50,39,25,28,11,12075,222,25,True
108,106,59,33,13,1,9501,49,73,True
298,138,56,41,119,31,38828,242,97,False
283,100,27,20,141,17,27760,256,80,False
123,122,53,44,32,72,12674,70,78,True
176,98,93,47,48,3,12877,83,51,False
114,144,28,14,79,121,16024,86,130,False
155,62,40,43,72,15,7890,115,19,True
234,73,24,40,154,18,16122,210,33,True
244,97,33,43,136,45,22249,211,54,False
289,53,85,44,193,3,11577,204,9,False
131,146,48,35,45,82,17446,83,111,False
220,142,89,38,44,62,27858,131,104,False
227,94,79,37,85,17,18415,148,57,False
196,61,45,38,118,3,10246,151,23,True
271,80,30,19,232,48,21110,241,61,False
142,78,90,35,25,15,7926,52,43,False
223,121,52,41,106,45,24851,171,80,False
167,53,44,13,1,4,8279,123,40,False
293,117,63,30,152,74,32391,230,87,False
144,55,99,33,37,10,4653,45,22,True
164,61,65,17,55,7,8899,99,44,False
174,64,27,36,128,6,10164,147,28,True
232,66,30,34,46,18,14292,202,32,False
232,78,79,27,72,9,15963,153,51,True
265,64,76,34,151,14,14376,189,30,False
242,51,56,41,44,3,10046,186,10,True
121,74,52,43,48,22,6718,69,31,False
238,58,87,22,34,14,11890,151,36,False
229,57,33,10,0,1,12723,196,47,False
264,72,90,45,168,14,14958,174,27,False
140,130,93,23,20,51,16061,47,107,False
161,119,96,47,65,7,14647,65,72,False
146,79,32,29,29,10,10606,114,50,True
114,130,51,49,1,43,12321,63,81,False
111,55,43,10,40,37,5675,68,45,True
177,124,53,12,45,51,21312,124,112,True
271,66,72,28,86,25,15870,199,38,True
229,61,37,11,49,7,13562,192,50,True
217,60,47,47,40,4,10811,170,13,False
120,100,70,42,4,6,9060,50,58,False
157,87,33,24,49,18,12867,124,63,False
235,144,22,45,31,57,32850,213,99,False
100,95,97,10,3,34,8530,3,85,True
252,113,80,49,158,19,24556,172,64,True
297,126,44,20,7,104,36542,253,106,True
215,105,100,34,27,26,19175,115,71,False
265,77,83,18,155,12,18911,182,59,True
156,107,77,24,53,22,14844,79,83,False
251,134,42,21,197,103,32752,209,113,False
194,68,66,32,120,33,11080,128,36,True
104,109,72,30,18,29,9176,32,79,True
139,102,36,31,1,10,13062,103,71,True
107,95,85,19,16,76,8550,22,76,False
234,98,28,15,85,59,22512,206,83,True
188,125,41,32,84,83,22188,147,93,True
287,55,33,38,44,0,14531,254,17,False
208,137,85,10,4,49,27646,123,127,True
291,72,95,28,188,17,18292,196,44,True
299,70,27,50,133,12,19580,272,20,True
286,145,51,34,206,76,39736,235,111,True
184,144,89,31,37,16,23737,95,113,True
127,118,100,32,16,16,11786,27,86,True
207,144,85,14,22,44,28618,122,130,False
226,69,86,19,26,12,13960,140,50,True
263,105,38,37,192,15,26209,225,68,True
209,95,46,10,5,43,19395,163,85,False
137,79,47,31,80,38,9366,90,48,False
234,75,94,11,134,15,16516,140,64,True
104,70,65,15,27,6,6305,39,55,False
298,94,95,41,173,6,24117,203,53,False
182,133,22,41,34,6,23304,160,92,False
188,122,97,15,91,28,21481,91,107,True
167,70,68,28,12,23,9786,99,42,True
174,62,47,44,113,7,8720,127,18,True
103,72,46,16,33,42,6680,57,56,True
159,57,27,30,55,8,8253,132,27,True
211,121,60,36,112,25,23371,151,85,False
246,97,33,28,65,69,22938,213,69,True
120,86,29,12,77,6,9972,91,74,False
181,137,82,21,92,1,23075,99,116,True
294,100,75,42,17,32,26250,219,58,False
126,125,43,18,83,47,14976,83,107,False
253,65,78,24,150,9,14573,175,41,False
195,78,50,47,58,18,12860,145,31,False
152,76,38,42,88,18,9956,114,34,False
212,103,48,37,40,11,20060,164,66,False
252,130,84,49,86,24,28644,168,81,True
187,60,78,19,89,14,9738,109,41,False
189,103,43,35,3,2,17962,146,68,True
269,105,99,18,55,80,26463,170,87,False
142,110,100,39,28,2,11720,42,71,False
147,109,34,25,111,17,15173,113,84,False
202,58,25,33,93,2,10891,177,25,True
108,141,84,10,17,62,14388,24,131,True
157,83,25,13,114,25,12706,132,70,False
139,105,47,43,4,34,12574,92,62,True
230,68,33,43,25,13,14221,197,25,False
265,57,42,33,222,21,13719,223,24,True
278,145,42,20,150,29,39470,236,125,True
205,133,71,31,101,12,25064,134,102,False
266,75,96,21,140,12,17934,170,54,True
277,95,59,33,104,57,24368,218,62,True
298,121,50,16,160,90,35258,248,105,False
288,74,70,23,67,38,19702,218,51,False
153,99,97,39,27,27,11364,56,60,False
211,127,72,41,45,54,23845,139,86,False
300,113,56,18,178,11,32892,244,95,True
151,122,29,49,34,19,17001,122,73,True
255,145,40,11,103,134,36535,215,134,True
263,102,25,35,66,39,25951,238,67,True
268,99,61,12,68,31,25800,207,87,True
253,99,72,36,9,42,22455,181,63,True
233,106,66,46,9,32,21662,167,60,False
136,96,54,43,16,17,10734,82,53,False
193,85,71,30,98,18,14275,122,55,False
283,130,42,30,152,80,35530,241,100,True
109,131,24,11,56,35,14015,85,120,True
106,130,48,45,1,20,11620,58,85,False
123,56,95,34,0,14,3658,28,22,True
103,88,57,24,23,18,7696,46,64,True
171,77,57,37,17,3,11058,114,40,True
266,89,52,23,151,7,22478,214,66,False
181,64,80,49,68,11,7664,101,15,True
163,73,63,12,92,41,11143,100,61,False
189,134,33,18,145,97,24732,156,116,True
224,83,32,33,136,27,17536,192,50,True
114,142,84,28,1,83,13836,30,114,True
101,88,34,47,17,6,7290,67,41,True
207,57,100,45,90,8,7299,107,12,False
127,106,54,37,57,62,11464,73,69,False
251,80,24,19,31,22,19624,227,61,False
282,144,72,33,126,55,38232,210,111,True
137,69,77,34,22,21,6835,60,35,False
223,74,49,18,86,10,15620,174,56,False
138,103,26,45,106,39,13044,112,58,False
226,149,57,29,33,36,32021,169,120,False
276,52,85,15,4,0,13077,191,37,False
238,146,59,13,152,133,33981,179,133,False
175,76,77,24,9,31,11452,98,52,True
208,129,76,16,16,65,25616,132,113,False
269,73,40,15,225,3,19037,229,58,True
241,96,87,49,81,7,18873,154,47,False
117,84,54,32,15,32,8100,63,52,False
239,82,75,11,131,46,18773,164,71,False
114,72,83,26,23,34,6050,31,46,False
207,119,100,25,73,88,22133,107,94,True
149,147,68,49,44,34,18571,81,98,True
208,149,57,47,75,29,28313,151,102,True
126,77,74,50,21,6,6002,52,27,False
216,81,87,32,76,6,14712,129,49,False
211,65,76,35,114,30,11055,135,30,True
109,100,85,32,1,40,8180,24,68,True
243,114,66,32,150,53,25590,177,82,True
103,130,94,45,1,73,9160,9,85,True
115,117,21,28,35,28,12867,94,89,False
222,92,34,43,173,2,18962,188,49,True
261,140,74,11,88,10,35726,187,129,False
168,146,76,39,43,58,21564,92,107,True
195,98,34,11,75,75,18736,161,87,False
180,54,79,14,77,34,8614,101,40,False
249,72,55,25,178,16,16553,194,47,False
245,56,94,24,118,29,11464,151,32,False
251,134,23,25,91,106,33059,228,109,True
197,125,85,50,34,30,20375,112,75,False
116,148,52,35,34,4,15348,64,113,True
102,74,48,11,2,38,7020,54,63,False
198,139,55,11,40,25,26917,143,128,True
177,149,89,35,12,61,23258,88,114,False
215,130,56,34,50,89,26046,159,96,True
114,51,85,14,14,27,4624,29,37,False
287,73,86,43,16,10,17253,201,30,False
212,59,26,38,87,5,11520,186,21,True
231,100,84,45,69,3,19320,147,55,True
139,141,97,33,0,95,16398,42,108,True
156,60,85,15,18,37,8085,71,45,True
280,54,51,31,59,4,13539,229,23,True
247,98,54,40,157,23,22046,193,58,True
247,148,66,15,1,17,35566,181,133,False
282,95,83,10,127,17,25960,199,85,True
241,142,57,36,44,69,32170,184,106,False
202,118,82,43,26,66,20310,120,75,True
206,128,50,20,22,69,25368,156,108,False
107,78,49,28,39,37,6974,58,50,True
213,100,60,45,9,27,18600,153,55,True
121,61,92,25,26,13,5081,29,36,True
151,81,29,22,55,38,11593,122,59,False
226,88,34,28,103,52,18936,192,60,False
177,64,100,38,52,23,7528,77,26,True
212,58,72,40,10,11,9416,140,18,False
252,135,57,28,134,66,32424,195,107,False
128,117,44,45,57,11,12996,84,72,True
250,84,97,16,128,64,19448,153,68,True
176,122,96,42,4,38,17440,80,80,False
253,102,48,33,11,31,24222,205,69,True
275,120,94,49,55,45,28394,181,71,False
238,144,85,36,11,15,31212,153,108,False
256,111,27,44,112,60,27228,229,67,True
191,108,54,26,53,82,19224,137,82,False
158,61,92,20,29,27,7798,66,41,True
176,99,41,25,64,28,16399,135,74,True
134,138,63,13,67,0,17673,71,125,False
214,109,76,15,16,37,22186,138,94,False
164,92,100,31,42,56,11988,64,61,False
256,132,79,28,112,91,31580,177,104,True
121,111,68,10,32,60,12751,53,101,False
277,98,57,39,127,10,24923,220,59,False
150,97,40,36,31,56,13110,110,61,True
113,90,33,12,50,71,9774,80,78,True
162,77,76,42,39,7,9282,86,35,True
247,83,53,39,20,42,18434,194,44,True
251,130,74,50,154,1,28930,177,80,False
258,137,93,42,18,37,31440,165,95,False
260,135,62,39,196,4,32682,198,96,True
193,111,48,28,121,25,20079,145,83,True
164,50,72,44,9,5,5032,92,6,False
177,56,55,45,89,8,7437,122,11,False
142,72,34,44,63,16,8728,108,28,True
276,123,23,19,130,34,33511,253,104,True
218,64,64,46,27,9,11008,154,18,True
131,87,32,39,63,38,10149,99,48,True
117,68,97,37,20,29,4367,20,31,True
149,135,41,44,12,35,18311,108,91,True
229,134,62,49,43,45,27648,167,85,False
220,136,72,34,107,37,27472,148,102,False
296,125,39,46,0,27,35206,257,79,False
264,142,69,49,128,1,34107,195,93,False
176,82,63,33,96,41,12353,113,49,True
227,72,94,15,43,55,14934,133,57,True
129,113,65,15,42,88,13602,64,98,True
293,55,75,22,147,29,14465,218,33,False
264,63,39,24,167,17,15696,225,39,True
191,147,26,29,96,9,27323,165,118,False
100,89,85,29,7,16,6435,15,60,True
224,139,84,35,58,11,28196,140,104,True
173,88,26,33,91,20,14366,147,55,False
144,68,36,46,20,16,8136,108,22,False
229,130,43,46,110,14,27792,186,84,False
275,125,89,11,144,32,33396,186,114,True
298,104,55,43,33,37,28627,243,61,False
154,56,74,48,16,3,5072,80,8,False
125,124,100,28,17,88,12700,25,96,True
295,144,48,11,100,112,41952,247,133,True
132,135,93,28,20,106,15216,39,107,True
269,91,68,25,24,31,22779,201,66,False
207,59,95,30,24,19,9363,112,29,False
105,101,66,25,7,7,8955,39,76,False
281,141,33,35,243,97,38466,248,106,False
146,58,63,21,22,14,7145,83,37,False
241,145,47,13,161,0,34334,194,132,True
137,70,90,46,6,11,5450,47,24,True
287,81,59,37,57,28,21064,228,44,False
160,143,99,44,30,51,18524,61,99,True
296,135,72,46,98,44,36648,224,89,True
244,110,93,36,25,43,23492,151,74,True
115,58,79,36,11,3,3826,36,22,True
134,53,83,37,38,16,4031,51,16,False
124,57,24,43,85,0,6036,100,14,False
142,114,28,25,14,32,15488,114,89,False
163,64,95,46,50,5,6062,68,18,True
267,107,47,27,131,30,27300,220,80,False
297,101,67,29,68,6,28054,230,72,False
177,148,71,50,35,42,22646,106,98,False
178,105,54,19,68,48,17664,124,86,False
289,76,81,39,16,10,18805,208,37,True
232,83,68,43,75,31,16332,164,40,False
118,142,67,30,39,56,14746,51,112,False
126,58,35,29,83,4,6293,91,29,False
227,145,49,13,139,108,32278,178,132,True
259,55,69,36,115,1,11761,190,19,False
208,51,81,14,109,16,9474,127,37,False
227,119,68,18,32,8,25789,159,101,False
141,139,92,22,14,55,17575,49,117,True
166,59,72,44,0,0,6626,94,15,False
133,150,59,23,63,30,18593,74,127,True
136,85,64,40,28,17,9000,72,45,True
143,111,49,33,32,20,14256,94,78,True
296,104,31,49,236,11,29265,265,55,True
185,55,35,41,133,12,8740,150,14,True
134,136,87,46,16,79,14222,47,90,True
240,143,81,35,63,42,31485,159,108,False
242,86,57,20,106,24,19672,185,66,False
160,96,84,39,34,46,12084,76,57,False
175,141,26,21,84,75,24129,149,120,True
235,104,40,49,129,8,22480,195,55,True
188,107,87,27,78,69,17767,101,80,True
210,60,46,44,2,16,10576,164,16,False
120,67,90,26,18,27,5700,30,41,True
270,126,35,40,122,52,32620,235,86,False
203,110,74,38,47,15,19518,129,72,False
230,91,27,16,33,53,20498,203,75,False
123,148,46,26,66,58,17008,77,122,True
159,130,79,28,43,25,18458,80,102,False
127,145,78,31,18,68,15997,49,114,False
157,78,90,47,4,3,8016,67,31,True
110,134,28,40,24,76,13620,82,94,True
109,90,41,18,23,35,9072,68,72,False
239,133,32,33,103,9,30731,207,100,True
126,84,100,35,7,12,7084,26,49,False
198,119,70,14,54,2,22582,128,105,False
137,63,52,20,51,36,7591,85,43,False
177,115,34,21,131,2,19641,143,94,False
111,56,62,35,31,5,4046,49,21,False
153,142,58,11,1,71,21088,95,131,False
118,106,85,17,16,14,11063,33,89,True
288,84,72,30,28,28,22032,216,54,True
103,81,49,27,2,3,7020,54,54,True
192,109,34,29,152,36,19942,158,80,True
184,60,64,47,87,12,8032,120,13,False
206,99,24,25,47,47,19794,182,74,True
170,82,43,48,35,13,11876,127,34,True
226,56,38,49,156,3,10794,188,7,True
123,134,57,20,3,42,15342,66,114,False
258,103,91,37,129,46,23207,167,66,True
287,134,58,18,197,64,37414,229,116,True
287,64,49,48,159,5,16016,238,16,False
100,138,88,22,5,13,11864,12,116,False
283,129,36,41,57,13,35031,247,88,True
101,109,33,17,31,57,10448,68,92,False
223,141,69,19,129,80,30132,154,122,False
140,56,47,17,51,22,7041,93,39,True
258,105,75,14,2,83,26040,183,91,False
177,89,94,22,53,59,13685,83,67,True
118,149,77,47,17,76,13963,41,102,False
224,52,75,21,37,2,10073,149,31,True
195,90,81,36,71,51,14634,114,54,False
285,114,63,16,139,63,31482,222,98,True
232,96,86,50,100,32,17972,146,46,False
282,85,47,36,178,21,22278,235,49,False
107,125,40,40,10,81,11775,67,85,False
161,98,56,31,48,15,14042,105,67,False
100,74,22,30,15,38,6740,78,44,True
257,130,87,25,22,100,31235,170,105,True
271,147,72,27,158,112,37893,199,120,False
195,112,77,31,45,19,19453,118,81,False
258,144,32,42,199,101,35808,226,102,False
222,82,47,48,22,33,15948,175,34,True
248,147,89,42,28,38,32718,159,105,False
274,95,44,40,79,14,24270,230,55,True
163,125,67,47,79,48,17226,96,78,False
245,66,40,15,121,20,15570,205,51,False
230,117,83,27,107,26,24669,147,90,True
177,146,45,46,124,44,23772,132,100,False
101,117,96,49,5,23,7113,5,68,True
170,60,50,34,96,12,8500,120,26,False
256,60,76,27,65,23,13308,180,33,True
189,106,29,43,104,34,18787,160,63,True
299,80,81,26,47,41,21814,218,54,False
163,101,45,14,34,14,15833,118,87,True
109,96,43,19,54,8,9647,66,77,True
134,106,42,34,46,26,12776,92,72,True
239,74,34,11,33,53,17312,205,63,True
246,142,80,49,127,91,31012,166,93,True
294,115,69,25,153,58,32085,225,90,True
258,106,95,23,123,65,25163,163,83,True
195,147,51,31,86,8,27084,144,116,False
171,105,50,39,7,13,16005,121,66,True
241,116,98,35,17,19,24526,143,81,False
155,79,65,33,49,13,10100,90,46,False
230,80,100,21,9,6,16300,130,59,False
163,136,22,28,52,1,21552,141,108,True
136,114,56,23,10,18,14216,80,91,False
184,80,39,21,69,48,13901,145,59,True
268,82,77,42,10,2,18742,191,40,False
256,105,66,37,30,63,24438,190,68,False
155,51,49,27,42,19,6582,106,24,True
240,122,92,36,18,18,25968,148,86,True
183,129,32,21,3,56,22935,151,108,True
215,85,20,11,77,48,18055,195,74,True
245,119,59,25,94,65,27680,186,94,True
194,139,86,35,65,61,23956,108,104,True
233,72,58,41,136,21,14398,175,31,True
250,108,58,37,56,29,24854,192,71,False
135,102,22,46,110,13,12758,113,56,True
248,51,87,18,20,7,11082,161,33,True
271,75,82,23,168,6,18439,189,52,True
161,135,87,16,20,1,20343,74,119,True
200,82,74,15,52,17,15290,126,67,False
157,148,92,27,54,75,20752,65,121,True
298,141,79,14,204,73,40912,219,127,True
147,53,60,12,13,0,7071,87,41,False
180,53,29,18,70,2,9018,151,35,True
119,93,56,26,51,23,9611,63,67,False
230,127,51,24,29,37,27986,179,103,False
216,109,86,25,118,27,21394,130,84,True
239,74,52,16,90,55,16854,187,58,True
123,83,36,18,7,0,9561,87,65,True
263,83,69,50,192,13,18379,194,33,False
275,85,79,17,98,10,22032,196,68,False
228,68,33,26,85,35,14646,195,42,True
103,58,37,11,14,25,5567,66,47,False
135,59,87,26,25,28,5703,48,33,False
291,146,53,16,8,18,41638,238,130,True
120,118,57,21,55,58,12963,63,97,True
127,63,60,40,2,10,5601,67,23,False
158,62,34,33,22,0,8674,124,29,False
127,134,32,12,76,18,16634,95,122,False
185,129,24,29,40,35,23169,161,100,True
256,73,41,27,14,20,17581,215,46,False
227,56,58,36,111,15,10624,169,20,False
251,55,37,24,195,6,12917,214,31,True
268,58,93,27,11,18,13033,175,31,False
126,144,60,45,14,49,15444,66,99,False
108,132,40,19,57,99,13496,68,113,False
259,130,34,28,34,49,32718,225,102,True
300,133,32,20,83,101,39260,268,113,True
169,124,40,26,55,78,19916,129,98,True
296,98,96,34,81,59,25744,200,64,False
294,110,28,30,217,33,31500,266,80,True
289,93,74,45,170,7,23547,215,48,True
288,127,94,24,157,6,34320,194,103,True
268,113,83,41,129,48,26881,185,72,False
197,101,80,37,27,36,16937,117,64,True
111,104,26,45,85,27,10374,85,59,False
260,137,61,42,5,63,33058,199,95,True
103,146,43,28,42,45,13834,60,118,False
205,121,71,20,72,84,23385,134,101,False
281,89,40,47,169,41,23129,241,42,False
193,135,93,49,21,63,21498,100,86,True
191,109,62,31,69,76,18897,129,78,True
119,82,53,21,57,45,8645,66,61,False
131,126,28,48,95,49,15162,103,78,False
234,75,67,46,162,16,14468,167,29,False
196,61,35,49,30,10,10241,161,12,True
226,150,49,35,81,14,32185,177,115,False
234,60,72,13,132,12,13104,162,47,True
299,147,100,41,1,0,32850,213,99,False
